6.170203789530301235e+19 7.775019205837490482e-03 3.419588568567014791e-02
7.445285515599367373e+19 4.549565078123840936e-03 1.770080550542307493e-02
7.944122871892800307e+19 1.474390805324386940e-02 9.025546051341008444e-03
7.283738292592037069e+19 2.434829603185335867e-02 3.469717441256035817e-02
3.262374870032373514e+20 3.855549085309024210e-02 5.779147139231610719e-02
6.501396655377900339e+19 3.867209346632108358e-03 1.788290612733868523e-02
7.539044306536313651e+19 1.053115209681675969e-02 1.203769998446046069e-01
6.840328481506787328e+19 1.629748310907892100e-02 2.398696846860516943e-02
7.658119867044908237e+19 1.654335531523199246e-02 7.514968438756766678e-02
8.262212671222426829e+19 1.901088486583894788e-02 3.263934197166434154e-02
9.184710227505808998e+19 2.219929257422410818e-02 4.710273582170305257e-02
6.544465527678091264e+19 1.789429339125027732e-02 1.816437448346014047e-02
6.584131110516229734e+19 2.231902280475750802e-02 2.585437862737617609e-02
7.307211826415538995e+19 9.035602673368302307e-03 4.472723404619757120e-02
7.157277948155808973e+19 2.621068016134450729e-02 5.143517225331682707e-02
6.416262527566401536e+19 1.043794603327735659e-02 2.199401272843962141e-02
6.358777060619060019e+19 1.427902087325261769e-02 1.400180285479540702e-02
6.565019929248241254e+19 3.827045803719448386e-02 2.589677820849109122e-02
7.117612732782157005e+19 5.135030391960066463e-03 1.182938171793425190e-02
5.220991300383033754e+19 1.668785387549251084e-02 2.808180894699855226e-02
7.100503201339656602e+19 4.315648217704635622e-03 1.235447389090129494e-02
6.716902412577775616e+19 6.094733774868253511e-03 2.282719113345739806e-02
7.275649134877845914e+19 4.089212435700332639e-03 9.046415322121857325e-03
7.300765657865111962e+19 1.530232236746480179e-02 1.592651506241363549e-02
4.831882695400032666e+19 2.095663244209980403e-02 5.645842090897619514e-02
6.478963324977677107e+19 2.203747788627565679e-02 2.493827571233041968e-02
6.376883582842674381e+19 1.088406267485221741e-02 1.657555942377414437e-02
7.511428572139138253e+19 5.533048509782458046e-03 1.458593409310578702e-02
9.150373121555488768e+19 1.053477587195602617e-02 9.542998491799478331e-03
7.394313388413866803e+19 1.056601157442450985e-02 2.228774011661086019e-02
8.647680209788238234e+19 1.909159124585279449e-02 1.326797254538562669e-02
7.403077266454616474e+19 2.524294298270315408e-03 8.518175015832692154e-03
1.233945598016591135e+20 1.668787244651094570e-02 2.192928751763757039e-02
7.749761074229331558e+19 5.549866246876053975e-03 7.000373489940747533e-03
5.924978352919761715e+19 9.082925399759293750e-03 4.824217097672364729e-02
7.099056463564278170e+19 1.511435715816301407e-02 4.572963585610397008e-02
7.080042438029733069e+19 6.705228394720120881e-03 5.681398845293328392e-02
6.500765620778285466e+19 1.364306329417336490e-02 1.060144155948107569e-02
6.100571462242278605e+19 6.349369403815568330e-03 1.211072650663690999e-02
6.610290248176376218e+19 3.613949476143886452e-03 1.602364630247318442e-02
7.916172796803727360e+19 6.481536024254172870e-03 1.314213761257006056e-02
8.585969730599411712e+19 5.351508721148495566e-03 3.478609369304998949e-02
7.397543000529870848e+19 1.004667624557848901e-02 2.043575847197706338e-02
6.750262111785339290e+19 1.128880865730988101e-02 1.049954045370630334e-02
6.469851538905483674e+19 4.925325896333640485e-03 1.824456917130736974e-02
7.184098976210761318e+19 7.962499669171575409e-03 6.560991176011127246e-02
6.664095116599852237e+19 2.530664348225395311e-03 1.366496598257181845e-02
6.603613126132826931e+19 4.686912271344682510e-03 2.532219412151412094e-02
1.163687899407545958e+20 3.291939180550176869e-02 2.763906755291162948e-02
7.231831935665142989e+19 5.409195566592792104e-03 9.441791419861132739e-02
6.308687295334141952e+19 7.301689943134219256e-03 4.446967572386363587e-02
6.938303138820992205e+19 1.330900899379942881e-02 4.261797698952195929e-02
7.749264091669995520e+19 9.193191322945546903e-03 1.746288333229698009e-02
5.685444107090186240e+19 2.159198945667367350e-02 3.124969874556406818e-02
7.831038382514018714e+19 1.420980215179088423e-02 5.062588062800810890e-02
1.901902616068369940e+20 2.171691957901321010e-02 4.783549103804381197e-02
6.307632457022636032e+19 1.235125620162420661e-02 3.067094386177581650e-02
7.926294569714968166e+19 3.997390025114812978e-03 2.478546164454739978e-02
7.615447971192979456e+19 1.247202544622580574e-02 1.137391534057154846e-02
7.076596910657567130e+19 1.228562351820920023e-02 1.858998642684674824e-02
7.022065900418837709e+19 1.098615477348454175e-02 1.679115833746986849e-02
6.731318463145988915e+19 1.078300163191127717e-02 2.518772653682685089e-02
7.192990138030347059e+19 1.485080237604085099e-02 2.065628731675765370e-02
7.656978887947979981e+19 2.741519530224368478e-02 2.573908806555171361e-02
5.764936799449996493e+19 1.239683662158032329e-02 3.435733105931213643e-02
1.698198152808549581e+20 1.708761005442623743e-02 2.472771317551743786e-01
8.314517570637556941e+19 8.935727851916130601e-03 4.015935235712754514e-02
6.985260568120211866e+19 1.468193477991674989e-02 4.366732313490569173e-02
9.045763084961020314e+19 7.774787867400251469e-03 1.858598577269079954e-02
7.544358679361209958e+19 1.189826739898970295e-02 3.965478368152352412e-02
7.146689404215006822e+19 1.113659761371856537e-02 3.387740889603693684e-02
7.549986733303644160e+19 1.132726770629695866e-02 2.700790251851597351e-02
7.185642954584682496e+19 9.384337590261108628e-03 1.611892682113920047e-02
7.351952292798256742e+19 6.339814368402445742e-03 1.743233177838309986e-02
8.007675279133527245e+19 6.294444132027137220e-03 4.715025738891544943e-02
7.027253810826357146e+19 7.393418733382210555e-03 1.864482845765184221e-02
8.292621860720307405e+19 1.862146204959399740e-02 4.160161037910344722e-02
5.621432183088382771e+19 8.685588992003629577e-03 4.415792006623453503e-02
2.362441740129058488e+20 2.494905335459737111e-02 4.887287875717841873e-02
6.577376069168057549e+19 1.052439973620566092e-02 1.352453375751942917e-02
7.199018400588214272e+19 1.244710644655684477e-02 9.398425879097529329e-03
8.038870727778575974e+19 6.413334305234319292e-03 2.781340031860749656e-02
9.271633068834326118e+19 1.668914913703570344e-03 2.039698249200101038e-02
5.278009217619230720e+19 1.228731756248311810e-02 4.995485013774025179e-02
8.118303923958066381e+19 1.059217516427744116e-02 1.371484227178384335e-02
6.661271079024014950e+19 1.058179127013708816e-02 1.698712344672299521e-02
7.184381823112617984e+19 5.610022773163635644e-03 4.446553101645973893e-02
7.778279844968831386e+19 3.688773503465714310e-02 2.800503915766980323e-02
1.167345827203674440e+20 8.316371974256850028e-03 5.844524365829520396e-02
6.745695883741027533e+19 2.580271945327856659e-03 1.703807316625835511e-02
4.777234937425573478e+19 1.746800968121873729e-02 4.737920069287440694e-02
5.779020287843632742e+19 2.193233989229747757e-03 2.470669413231182943e-02
6.036534702089630515e+19 7.280679395204935588e-03 3.516208108304493679e-02
6.984426192063691162e+19 4.817488722359779610e-03 1.746628475322459240e-02
1.693696637209242501e+20 1.018581327399292399e-02 6.055899766550621593e-02
9.802633532821567898e+19 4.422851207337872778e-03 2.476433241486254710e-02
7.478717508023001088e+19 2.212011120637482481e-03 1.146440021167099803e-02
6.465689817374560256e+19 3.167673505662214894e-02 1.017106468690839177e-01
7.221932020908457165e+19 1.416470598210743670e-02 4.286087748533335545e-02
6.864694620912665395e+19 7.347140089018346781e-03 1.294472004225419304e-02
