3.181144966546333164e-01
7.756459910535451474e-02
5.964242142032493560e-02
3.799014637303171904e-02
3.437829443789792994e-02
2.609017161144451535e-02
1.986822212171374114e-02
1.973729821091348424e-01
4.842724814785249327e-02
3.218668775463646298e-02
2.513289795906254592e-02
2.139729783503395086e-02
1.918678379363634307e-02
1.718201622310461252e-02
1.563539641034422667e-02
1.444025294657683665e-02
1.295278902222035504e-02
1.199739960473820977e-02
1.084136641866555693e-02
9.980070334153644598e-03
9.210664200398958196e-03
8.607938010809999471e-03
7.986656298409357951e-03
7.480175664761301059e-03
6.963480941273949600e-03
6.617841116773585768e-03
6.183169588136176557e-03
5.805989543935565975e-03
5.399842065702559028e-03
5.286039244806902369e-03
4.891739195128056057e-03
4.666745570968046201e-03
4.714636777696961864e-03
4.484173711248193306e-03
4.272798954678530201e-03
4.033417063483008859e-03
3.974106272146331331e-03
4.405626363939408284e-03
3.765326656514044780e-03
3.500081676368912206e-03
3.645982434549792286e-03
3.372219267696367762e-03
3.368651601979791386e-03
3.849770020072659001e-03
3.240834985097701057e-03
2.911696453917432797e-03
3.212224958450392472e-03
2.769554167929472437e-03
2.994238995156730653e-03
2.832670173974651331e-03
2.840088452847505315e-03
2.698302591769871465e-03
2.595595502167601359e-03
2.952644612047482502e-03
2.398207714908163774e-03
2.342262248875516886e-03
3.095363328501469363e-03
2.720290142337255471e-03
2.320475269560561167e-03
2.355665069031105761e-03
2.462166241567694674e-03
2.134215169600352062e-03
2.350282211519890557e-03
2.396387545476582996e-03
2.134379893753000478e-03
2.288453624880110518e-03
2.135569693619441753e-03
2.566775682763281115e-03
2.312856340061196069e-03
2.595015644505055657e-03
2.184934392007011408e-03
2.121717646139476519e-03
2.074556481657606130e-03
2.093512926490582234e-03
2.014221630595398882e-03
1.953950426964597229e-03
2.057705309143233532e-03
2.628384158015251160e-03
2.232009714299982087e-03
1.861495526761493919e-03
1.855237545290340908e-03
1.870873343608709088e-03
1.980087628136529936e-03
2.700322247674745088e-03
1.873131217011673923e-03
1.831664264583113440e-03
2.018872525006758234e-03
2.190638982662648695e-03
2.554806639002918465e-03
1.766043275093772541e-03
1.705878112592141638e-03
1.815688122543647519e-03
1.683638829766123538e-03
2.080672244174462324e-03
1.677259413003357163e-03
1.567257277201861143e-03
1.880059480864667426e-03
1.581995653616490244e-03
1.889048429968004936e-03
1.906263825455398317e-03
1.842781382782215363e-03
1.613174506928771734e-03
1.611162095231878991e-03
1.783183361333089351e-03
1.781079570664036507e-03
1.586020028105739358e-03
2.114643550929472433e-03
1.501908175696647051e-03
1.405960687958268413e-03
1.913901898219729902e-03
1.783241990558577300e-03
1.649718825126800540e-03
1.495938658163967379e-03
1.745886441009740107e-03
1.601963376301820518e-03
1.455226829310766329e-03
1.425879605283791310e-03
1.917195348527677649e-03
1.419496554951889039e-03
1.658539141344866040e-03
1.428152621497936255e-03
1.287179185028159735e-03
1.643872382401516917e-03
1.822980503537550935e-03
1.730948836528554925e-03
2.687047149238148448e-03
1.328332656571133610e-03
1.320178006691011437e-03
1.386338358949587698e-03
1.818094721811851742e-03
1.436515071845585224e-03
1.319743788123808144e-03
1.332305125701664563e-03
1.346011245693785668e-03
1.664001133053027385e-03
1.787626514366517537e-03
1.664296206206817034e-03
1.275597691401895648e-03
1.428618909840500238e-03
1.242878225942452676e-03
1.477193726741737011e-03
1.748858876949684147e-03
1.685496350877325545e-03
1.586958626637969020e-03
1.510589552873914951e-03
1.371549281016500119e-03
1.250351350542835234e-03
1.339158958713100676e-03
1.963991448671246424e-03
1.642143913848099828e-03
1.389505754394287354e-03
1.293297648027708644e-03
1.335641464472494362e-03
1.274992034516551258e-03
1.255744390866973164e-03
1.971473575174582937e-03
1.518787202340635308e-03
1.310574414674192667e-03
1.256614943761660700e-03
1.511223992565646768e-03
1.575776477252612950e-03
1.231089427495713840e-03
1.296347014210892440e-03
1.267402519288501027e-03
2.739849023231672159e-03
1.344518239475843077e-03
1.289444755071378953e-03
1.225082613845271222e-03
1.416953983469725021e-03
1.311854816528714536e-03
1.276541098239690432e-03
1.291130984265526646e-03
1.174268968911333557e-03
1.732914607132305263e-03
1.239719438176094170e-03
1.180157638648807053e-03
1.317069554440394993e-03
1.528742246922444115e-03
1.182118841715044250e-03
1.244204569516251923e-03
2.012006921700738079e-03
1.365828279328222148e-03
1.386788949744324328e-03
2.136668476106768147e-03
4.256810947095580541e-03
1.489838130179454078e-03
1.685834047913720721e-03
1.391198700399730792e-03
1.172624559275749559e-03
1.132471426072615035e-03
1.159979042837001092e-03
1.113372021460567107e-03
1.228453993627970928e-03
1.112632147410432936e-03
1.101423099030260800e-03
1.249838441391616694e-03
1.098841942042450915e-03
1.232555995970456477e-03
1.628002625445581315e-03
1.532160530614694836e-03
1.065447308285387635e-03
1.096434594893997425e-03
1.278894868764010422e-03
1.502150447446514358e-03
1.111371485008434776e-03
1.093590612678478234e-03
1.058942903799823393e-03
1.444603054551407695e-03
2.161436784786708361e-03
1.091977276232545136e-03
1.030660968160990480e-03
1.038012936160984286e-03
1.045157180421731708e-03
1.127863785244919651e-03
1.549859501238009217e-03
1.173327365629092808e-03
1.108938353630064969e-03
9.775393559583321797e-04
1.146097875651762256e-03
1.066082265672527911e-03
1.145154092228040099e-03
1.222297342875125654e-03
1.054712108188224189e-03
1.958705468992279295e-03
9.747350202153691034e-04
9.298797292902952465e-04
9.552033937352737234e-04
1.531479641209554073e-03
1.000259688942495588e-03
1.023840033061181433e-03
1.023188735196141124e-03
1.240957872307097429e-03
1.070882754654369591e-03
1.021548852529094572e-03
1.381492542074711080e-03
9.402317333627830754e-04
8.932982701949323439e-04
9.415620244743132640e-04
1.623437530890276545e-03
9.614367313175039252e-04
9.119740032915477730e-04
8.915915342654581093e-04
2.959978682073679916e-03
1.804599883281767002e-03
9.621976474370582061e-04
9.483351940148030497e-04
1.011613386887774821e-03
1.004884597160994640e-03
9.772395406440464311e-04
9.533836952565858400e-04
8.626498738797663476e-04
1.294284126770710829e-03
1.339485272624050139e-03
9.409110811468439145e-04
8.579760835731797212e-04
9.040636615474905964e-04
8.760333937860912117e-04
1.164040184283459669e-03
1.367607911533647892e-03
9.153488129165700694e-04
9.218942758514348272e-04
9.225634602251265052e-04
1.039672102320544130e-03
1.301341280905586248e-03
9.101182733888201707e-04
1.131327917171416403e-03
1.449285979051086540e-03
8.731480682565069150e-04
8.493283989303039355e-04
9.509190603046480421e-04
1.049041532854916563e-03
1.050108822351885924e-03
1.214768463272996538e-03
9.209193151698193570e-04
8.239395621895903316e-04
8.974902077832005044e-04
1.022935549509852758e-03
2.661296372852203600e-03
2.982339048299543268e-03
8.410779304209758033e-04
8.190870673085252083e-04
8.107178119561550588e-04
8.261982990061920865e-04
8.961112815251743744e-04
9.300208299519550784e-04
1.171308332369804016e-03
8.253000277997643921e-04
8.662186684721911003e-04
7.912639262168809189e-04
8.566874294598219447e-04
9.440209233258483462e-04
9.256372242375756525e-04
8.549422173845497340e-04
6.043369296204411517e-03
8.235673039135607510e-04
8.390737886216039680e-04
7.782392715329699510e-04
7.645902294439799792e-04
7.632993625575733168e-04
7.906522712966597031e-04
8.018365470255075719e-04
9.092584659811109304e-04
7.786782269690637566e-04
8.046759193706693597e-04
7.875725568737834692e-04
8.408722148460308268e-04
3.970312279169306742e-03
9.179509740506271078e-04
7.294178918307421761e-04
7.827835109889168730e-04
7.557388656123569057e-04
7.630210629114034205e-04
7.391734697827787373e-04
7.359186014527398364e-04
7.572625931281821770e-04
9.982103868175975104e-04
7.405896224857618773e-04
7.959556003863161753e-04
7.968777781846283700e-04
8.107561469924720555e-04
8.270198101826915695e-04
2.088369518098646960e-03
8.014150997482691980e-04
7.855708774348551084e-04
7.054786961596233802e-04
8.082653900297979152e-04
2.412399159793770197e-03
1.652371803312703601e-03
7.280770161852353779e-04
7.118612914134494086e-04
7.028004523211469614e-04
7.193546012841221674e-04
8.760059488739705118e-04
9.514305821732815501e-04
7.819118980092532641e-04
7.336257064404586590e-04
7.846708185476900313e-04
9.642206097134586569e-04
6.694349678141544484e-04
8.299405396400923087e-04
1.479963054104397767e-03
1.166895691351259486e-02
7.562425532589920740e-04
6.565843355157553567e-04
6.453247871391023420e-04
6.339207735216019707e-04
6.290201254711118989e-04
6.556507327001203289e-04
6.204942972434571418e-04
6.491248090187031047e-04
6.473464507673105548e-04
6.863958913141466386e-04
6.684317318793160873e-04
6.462548018052158326e-04
6.551708832954649319e-04
6.471240648710536308e-04
6.279981603394403471e-04
6.485978422764068210e-04
6.836099972574492074e-04
7.228427910542285393e-04
6.452518913041179740e-04
6.930810235313732614e-04
6.056531891579542163e-04
7.289909624501667625e-04
7.471131689133912908e-04
9.692337224612746242e-04
1.990454185006180522e-03
6.604209572260240271e-04
6.461032286152300222e-04
7.761121642860499591e-04
6.780037762258540402e-04
7.417386364205881370e-04
9.042610128579491426e-04
7.206331832673062076e-04
8.088503562965232733e-04
3.215201074701988081e-03
4.396731997875383963e-03
7.176384828970626580e-04
6.303812150497723225e-04
5.991232151934651690e-04
6.128836702731805391e-04
5.917909959063047138e-04
5.778420904376121124e-04
6.188350825775132749e-04
5.710600481975371861e-04
6.154901811069893270e-04
6.609366876849284136e-04
6.141535643220061031e-04
6.217515284802312874e-04
5.912351758028803507e-04
6.511015279543106533e-04
9.376516448383247302e-04
7.128557366685885207e-04
7.098341143732382098e-04
7.206105550391260972e-04
6.899045071225951920e-04
6.039272270616934286e-04
7.513734559655528078e-04
8.210604309252547651e-04
6.675499418193022632e-04
9.280282569251897947e-04
7.807314678123502757e-04
1.000728629261368047e-03
6.139213307478437378e-04
1.189222434098183160e-03
9.051013687646693607e-04
7.953359507320618580e-04
5.715800992523630822e-04
6.468081463191828083e-04
1.253755399816189765e-03
1.909625462510369060e-03
6.021463222251358062e-04
3.110085644893291826e-03
6.770054548696587040e-04
5.429842973226737960e-04
5.615648811781835540e-04
5.633899321158727371e-04
5.336068420685037388e-04
5.677822954374167922e-04
7.785294658264540427e-04
6.665495955420544776e-04
6.110809027273771815e-04
8.426788778954439740e-04
2.455388338465568088e-02
9.453144644133069929e-03
2.317393135110085503e-03
1.701632839147791633e-03
1.452423432827785977e-03
1.306061114353889710e-03
1.182705896843055373e-03
1.088720619339834461e-03
1.030743799426338909e-03
9.828741171848819243e-04
9.117185245761929777e-04
8.672128659038042973e-04
8.421177467839283982e-04
8.075153516873604092e-04
7.778248762020446069e-04
7.442805570352709326e-04
7.225860158955169955e-04
7.254414888324611180e-04
6.799191848558345987e-04
6.758779812971073405e-04
6.447569034979537712e-04
6.268807099497115563e-04
6.177928012083143579e-04
6.117737299946109011e-04
5.874000216312142558e-04
5.810525736623359293e-04
5.559806070805555032e-04
5.493579272738178349e-04
5.442537662791878568e-04
5.309465275124900917e-04
5.290652210753636403e-04
5.170627303992990842e-04
5.180238433901897688e-04
5.023290802703493218e-04
4.920661859531802506e-04
4.923114404047021237e-04
5.002717657727330340e-04
4.780026704820832602e-04
4.778952720560923802e-04
4.759493154283105120e-04
4.620954604240868095e-04
4.628108541841025958e-04
4.700275590452789054e-04
4.668379507634336971e-04
4.470084840608196260e-04
4.534642705976060025e-04
4.557408859854507463e-04
4.372736020190076830e-04
4.528012610866095434e-04
4.431433322183279976e-04
4.460578233137670176e-04
4.371966179777783180e-04
4.424890009404131778e-04
4.324221367961868061e-04
4.312781913375312681e-04
4.316097249763763567e-04
4.422023264465458400e-04
4.291383767408798360e-04
4.259851561845139252e-04
4.214564246605291380e-04
4.158419650400791171e-04
4.241169297143421776e-04
4.434599748382232168e-04
4.489383140797585832e-04
4.159793165992155088e-04
4.030954803580023057e-04
4.127762438270799524e-04
4.107951178659939150e-04
4.011181608251662852e-04
4.004223583527191307e-04
3.988801723938773880e-04
3.969980007792456148e-04
4.113555526904140729e-04
4.035974888018134836e-04
4.070506172755620458e-04
3.973429737732548121e-04
3.950512896567075238e-04
3.781869489819545153e-04
3.692347231800808920e-04
3.690216729988936772e-04
3.651703287191181168e-04
3.678444852332838754e-04
3.702567200613857482e-04
3.705667027547447667e-04
3.679547936013532875e-04
3.650302568337682489e-04
3.657553902347431170e-04
3.656230088161078703e-04
3.639655042206868529e-04
3.650624954995388967e-04
3.644604823255742187e-04
3.632910939455596803e-04
3.610440661291112281e-04
3.623507139061323424e-04
3.601052259468953036e-04
3.655725030870543720e-04
3.593895186592514497e-04
3.639497541977713686e-04
3.570686482513944489e-04
3.599575760414485326e-04
3.575862572302646644e-04
3.557063715892251144e-04
3.607230248621128791e-04
3.585886332792032364e-04
3.551763004383467429e-04
3.531398194326990851e-04
3.540710868864235306e-04
3.536627473570688393e-04
3.530201118502935176e-04
3.566175582818686962e-04
3.544478430271600462e-04
3.535249720285223141e-04
3.482020891335030799e-04
3.493373929593486201e-04
3.534647050511204622e-04
3.462829940183314074e-04
3.467464703135192394e-04
3.505495842546224594e-04
3.444140403933653827e-04
3.436738223888713721e-04
3.426678057153229691e-04
3.454460370862348661e-04
3.428750968658167723e-04
3.439693907487460355e-04
3.406589049987043165e-04
3.423758995874474627e-04
3.412121935098460308e-04
3.358355038058520570e-04
3.386301051994616384e-04
3.431121087597795746e-04
3.358450326645238981e-04
3.396207206550928967e-04
3.385465423696476820e-04
3.369718902059971703e-04
3.396530867603635780e-04
3.358116624771024595e-04
3.362343299103844182e-04
3.350621497674816855e-04
3.306249070164719232e-04
3.360915584242761718e-04
3.338907801221604370e-04
3.271193598982680443e-04
3.290468148682548430e-04
3.282710359516468669e-04
3.342160758400110018e-04
3.290915095324938315e-04
3.295679652541311385e-04
3.231502531420891262e-04
3.239606625301706807e-04
3.229970157421617493e-04
3.226456601899399187e-04
3.245023950567525609e-04
3.267157493003954309e-04
3.235253666802732930e-04
3.271153506251390586e-04
3.218123747501522303e-04
3.192440992940894385e-04
3.194078899193273161e-04
3.167096248503322624e-04
3.211679378926584716e-04
3.308832736255488374e-04
3.189255516962007271e-04
3.154172538250515456e-04
3.182044782795745734e-04
3.142629707740111932e-04
3.135618030545160757e-04
3.144272297063390635e-04
3.119855898672319657e-04
3.115771555299447194e-04
3.126919901026694801e-04
3.177396367501580140e-04
3.171313503778285404e-04
3.155629692077072264e-04
3.116554373374321482e-04
3.096518926075518714e-04
3.105892070435044153e-04
3.098170859492242919e-04
3.150703824675557042e-04
3.061758007706058050e-04
3.067245437925907362e-04
3.095338514399235226e-04
3.074116005639855880e-04
3.056200935547663555e-04
3.032647778816295278e-04
3.073005156528035397e-04
3.020427239155678775e-04
3.047013517723164578e-04
3.059584992253362550e-04
3.021605110861304419e-04
3.062147681537846322e-04
3.121806406521831145e-04
3.007097967025457023e-04
3.053929244880705489e-04
2.995690438458977964e-04
3.001863471140633248e-04
2.973556371271666868e-04
2.979150414114084241e-04
2.990049212133850465e-04
2.985514531081373091e-04
2.974462391152470097e-04
2.971203754317353974e-04
2.998713797282879330e-04
2.965869860032178170e-04
2.953046822574723366e-04
2.918371980988674740e-04
3.013837832082627414e-04
2.965869485210119471e-04
2.959236960371279101e-04
2.979779744760669476e-04
2.926537563325837255e-04
2.922479797041777376e-04
2.911903522379527087e-04
2.935158263426274061e-04
2.922172226879576440e-04
2.934558631915768390e-04
2.956169729727799915e-04
2.934267196740785832e-04
2.857980518566557190e-04
2.868731442669575815e-04
2.886197469320684380e-04
2.890610132563971898e-04
2.879606157269639093e-04
2.883209498108816422e-04
2.907560710534171436e-04
2.882193273928185706e-04
2.848823637715681804e-04
2.821477495617176609e-04
2.868499114728447819e-04
2.835212389155375933e-04
2.885643885802534206e-04
2.858005040748552695e-04
2.824684892072003772e-04
2.848882195945462285e-04
2.900503340325403189e-04
2.853134699927812224e-04
2.811624598865764143e-04
2.825665629422997546e-04
2.819050187650701104e-04
2.860283811142753040e-04
2.838567020124614822e-04
2.824274349470877032e-04
2.819234309065381575e-04
2.815281801634806702e-04
2.905887079329907020e-04
2.781287081289161725e-04
2.736013508789862376e-04
2.780113539880734374e-04
2.751320628731539837e-04
2.747071939114848079e-04
2.757962087564396251e-04
2.720721736709079430e-04
2.781580478767864406e-04
2.738364110524399279e-04
2.801675441195116030e-04
2.748157525219897942e-04
2.731100050203332896e-04
2.729290878932894775e-04
2.884699232791635370e-04
2.712750241643692569e-04
2.699977461209830958e-04
2.729391992695375403e-04
2.711015390973030314e-04
2.690907724282816968e-04
2.707131167302246700e-04
2.719557757672825464e-04
2.680835228106430456e-04
2.680016270570569656e-04
2.654345909391078078e-04
2.727050395509594979e-04
2.670800721248132266e-04
2.689522941981329599e-04
2.663165666462825247e-04
2.673146212173654131e-04
2.664459821200139238e-04
2.683342348918262140e-04
2.709224982853893960e-04
2.683676401361343540e-04
2.695612823696468463e-04
2.679606631952055965e-04
2.635281570926026676e-04
2.638134493750068270e-04
2.660972123990314924e-04
2.663322357517300247e-04
2.633208551384141742e-04
2.641996757257870747e-04
2.677556421434873642e-04
2.634931804619334347e-04
2.632698259813795959e-04
2.672394874742057029e-04
2.633514964007631527e-04
2.648235117014723409e-04
2.610635578590021744e-04
2.633510212586825786e-04
2.621381627801438866e-04
2.590882308361346412e-04
2.602243198039518013e-04
2.641789943674776849e-04
2.619179801761426906e-04
2.639566247870045001e-04
2.596631873695349102e-04
2.559134403726960735e-04
2.576186536426768622e-04
2.607041442939644752e-04
2.609767457629046127e-04
2.577808891973373318e-04
2.578693619756394924e-04
2.585719804769861423e-04
2.600840479400093829e-04
2.552815399901715528e-04
2.556991358605128551e-04
2.553252232963021699e-04
2.594125764903076285e-04
2.574204814719092830e-04
2.589934725123881087e-04
2.552816028279873413e-04
2.540981165084028252e-04
2.944250209662696420e-04
2.790079317602441630e-04
2.543524769311206342e-04
2.527321701177932031e-04
2.496545083968985056e-04
2.529701675732874255e-04
2.493432383000088637e-04
2.514778783678951876e-04
2.516642612824921917e-04
2.504473143772250406e-04
2.522194446293834743e-04
2.491585187134191977e-04
2.500264004497281000e-04
2.506911927908235505e-04
2.497996862406249652e-04
2.567332278086916528e-04
2.504157750853196369e-04
2.506777313873030828e-04
2.530108957382088308e-04
2.489245351612088359e-04
2.473889771587864730e-04
2.482455326544092604e-04
2.480921883199533229e-04
2.498996303377983290e-04
2.492765993476054980e-04
2.489625055177108952e-04
2.466593454521375287e-04
2.490903017601477825e-04
2.501193027428323039e-04
2.443805078104505243e-04
2.446293706959818911e-04
2.509496381125327969e-04
2.455299772643202219e-04
2.461200036288408344e-04
2.439584116500830642e-04
2.471973198363698436e-04
2.494127479484163808e-04
2.446596968873178076e-04
2.447636740698450812e-04
2.452862794267606427e-04
2.555635047346268619e-04
2.434022855154718455e-04
2.437264258994466953e-04
2.475139752443117802e-04
2.456769868854969448e-04
2.423798247367482195e-04
2.431922680857083214e-04
2.429000305710360408e-04
2.431679593318029052e-04
2.621311913103316999e-04
2.424623285840039563e-04
2.441445978933409148e-04
2.425097903169719867e-04
2.441012550138332241e-04
2.407608736768562492e-04
2.396309013640733946e-04
2.427210347377695143e-04
2.394544510135540062e-04
2.407034304324593853e-04
2.444497436182714416e-04
2.404082882673141052e-04
2.435022812057991933e-04
2.423144482732327270e-04
2.468444938792592903e-04
2.411581987292844365e-04
2.412258298577260975e-04
2.447708208240907202e-04
2.399809809779099225e-04
2.413774034886790221e-04
2.426200052000102405e-04
2.421190197999363255e-04
2.381042762532491674e-04
2.396140793500694025e-04
2.429010983729368149e-04
2.397479137553918066e-04
2.402568740459779808e-04
2.415782646769939958e-04
2.435621257366923085e-04
2.400139051270812167e-04
2.408002366075489816e-04
2.432594364191490116e-04
2.410302748268639450e-04
2.407757036218588953e-04
2.420603411861300177e-04
2.429275224461558769e-04
2.398020087363847495e-04
2.374421643308420192e-04
2.392242888824760310e-04
2.397857504988540713e-04
2.344012298801151817e-04
2.417646209130797389e-04
2.390392237981414495e-04
2.367698142541374865e-04
2.393009448441620458e-04
2.389323576194742310e-04
2.366098534284074900e-04
2.345773129050168391e-04
2.347354970741876053e-04
2.351917556194221674e-04
2.353200472884275311e-04
2.377464455397178820e-04
2.361771716316456485e-04
2.362325709934035847e-04
2.358074319393684557e-04
2.399398001602314704e-04
2.349965802612573491e-04
2.402797097491918808e-04
2.365508892883857182e-04
2.360525662273479095e-04
2.365055437566656162e-04
2.345964879196165494e-04
2.356123114816110727e-04
2.367254809624600115e-04
2.322288699250555342e-04
2.314288367139824630e-04
2.322719863679429298e-04
2.335153337546878166e-04
2.396323342867562474e-04
2.383753418336820003e-04
2.344344095697372548e-04
2.342701404951653792e-04
2.333324560877923380e-04
2.401435748183619980e-04
2.304775389899132846e-04
2.359064925589005957e-04
2.316533454259942176e-04
2.328141071660811009e-04
2.335086987427943933e-04
2.316795915689770881e-04
2.356201715001864723e-04
2.342077773805199576e-04
2.320748057117629339e-04
2.317586902680693871e-04
2.316900394031439414e-04
2.322069968530823586e-04
2.318436172296942175e-04
2.319485305854345251e-04
2.375102106298348299e-04
2.299566990448952304e-04
2.290270089305880953e-04
2.349506288407031884e-04
2.294397129320934706e-04
2.288208378365997079e-04
2.286594368122292172e-04
2.299312836839817464e-04
2.295417181096237299e-04
2.295542254807625112e-04
2.306413743733146191e-04
2.290900312910900706e-04
2.357104440858220754e-04
2.301886720074848818e-04
2.280304022750704294e-04
2.281593930974574395e-04
2.282733659023616609e-04
2.286558623326885988e-04
2.282825448536173092e-04
2.300862183663853096e-04
2.301074482878021001e-04
2.325360013249640754e-04
2.271943607907319057e-04
2.273344368652694531e-04
2.276689651118817318e-04
2.301058541916339091e-04
2.271188198144293718e-04
2.368089657410922934e-04
2.281664545245637899e-04
2.254861537949182093e-04
2.476799594605284946e-04
2.273580122908408041e-04
2.278173986159152096e-04
2.249258457485473460e-04
2.255376446445359593e-04
2.227218342754481745e-04
2.248670310963820208e-04
2.229296239392803618e-04
2.239969994248399126e-04
2.244934025150018323e-04
2.276438853269527557e-04
2.254319615806735157e-04
2.260656650777849842e-04
2.233784539522744132e-04
2.261918235683079955e-04
2.273490106083706625e-04
2.305720433165940055e-04
2.256189825747049159e-04
2.240491550324033197e-04
2.217557467343850134e-04
2.219812286608485578e-04
2.288447049619263111e-04
2.208984034509877856e-04
2.270106485935464210e-04
2.251618282047495537e-04
2.248861423912317144e-04
2.210285718760904674e-04
2.217404019602602712e-04
2.221899979331558935e-04
2.265268611319532399e-04
2.217481107271107132e-04
2.225553197962598802e-04
2.223811199214789267e-04
2.198451076048623916e-04
2.216439659770747428e-04
2.236496553505827199e-04
2.214209680184439720e-04
2.230444079032167792e-04
2.220727092759316860e-04
2.225529264471719552e-04
2.196351497056611777e-04
2.233620413762488969e-04
2.235500693187173914e-04
2.228099302473393378e-04
2.230752813347586998e-04
2.206434393442715700e-04
2.195721769539611050e-04
2.216633822006935472e-04
2.201117813731825947e-04
2.221042756873154648e-04
2.174389131444816878e-04
2.218776756886985590e-04
2.230745724801002435e-04
2.174187840975002641e-04
2.222712551663403821e-04
2.189034835971665990e-04
2.218538994026003478e-04
2.188835790024534159e-04
2.201114892324602013e-04
2.196371563265777521e-04
2.212850180733243514e-04
2.211389329397317168e-04
2.189652174517201790e-04
2.195129625650941139e-04
2.183771970466654290e-04
2.209186949943559171e-04
2.163570560779507163e-04
2.195639436567117569e-04
2.151214355377085215e-04
2.189901623007079368e-04
2.159368080108172588e-04
2.140501654304733281e-04
2.157030266420351268e-04
2.189294056293103095e-04
2.207613497651464342e-04
2.174936620797256518e-04
2.197035417228824204e-04
2.194652900498388699e-04
2.190506323434723011e-04
2.224910759568129775e-04
2.167899574763423800e-04
2.162450751215642703e-04
2.183869300731175543e-04
2.142403124404760608e-04
2.136406617479003674e-04
2.130909131003797658e-04
2.141424285417253370e-04
2.169028291863276368e-04
2.175822486275468459e-04
2.153200008306708645e-04
2.171109332597221742e-04
2.138024920537700949e-04
2.105425892020293475e-04
2.152495585367873894e-04
2.122489569239515957e-04
