1.204927521990637978e+19 1.786824485317896121e-03 1.545284983654830573e-02
1.147375614126917632e+19 3.099710877644594031e-03 2.006551760922957797e-02
5.542622846270260224e+18 1.340646573138048504e-02 3.769144297051452153e-02
1.674450499176898355e+19 2.421422876140054501e-03 1.272091189456099614e-02
4.571448081679624704e+18 1.307000606832766157e-02 1.434793559415120830e-02
2.312617254361049088e+18 2.864806442665122129e-03 1.390021087508180875e-02
5.822594435120721920e+18 3.556121695618037759e-03 1.783150805335486158e-02
7.031783046420570112e+18 3.436771920544715465e-03 2.399987468340001456e-02
1.123015390989483008e+19 1.465638953072450181e-03 1.980118614489408818e-02
3.015910560698350080e+18 1.671201534625802593e-03 1.164931623431827816e-02
8.294879911968996352e+18 1.796433865682876569e-03 5.020992635514342703e-03
3.301691712361189376e+18 4.247958282375888760e-03 5.123141525205077672e-03
4.546006872070512128e+18 2.565422346285425176e-03 3.647658491671219860e-02
5.150434813626108928e+18 4.793926609798097871e-03 2.584403314565516044e-02
1.568293749913205760e+19 2.583361890446996684e-03 1.491627162775154523e-02
3.764630472070845440e+18 5.307019083810814684e-03 9.847878930931443925e-03
4.265613858776730624e+18 5.607065085985662653e-03 1.530199206276069979e-02
5.233283307414717440e+18 1.255907264867698464e-02 2.337867415797876755e-02
7.780327315028894720e+18 2.665029022082326168e-03 8.005704711378538313e-03
4.516968269913202176e+18 2.412017740729352228e-03 2.267183644314627392e-02
9.320395040270405632e+18 3.358353068270680461e-03 1.457075731199382156e-02
6.483079015251275776e+18 1.480123171246935541e-03 1.689523782295168988e-02
2.432980616400341504e+18 3.449832301991919651e-03 9.619700425710442718e-03
3.211581309574789120e+18 2.812314418934218699e-03 1.506859984268473646e-02
6.711340887579546624e+18 3.264804968740530125e-03 1.896101924488949320e-02
7.780428386544234496e+18 5.475943926329990621e-03 2.827580505668710054e-02
1.488942062001272013e+19 8.943827711316658033e-03 1.228214452814156178e-02
5.173805039202126848e+18 1.096177746368753522e-03 6.093965018063747345e-03
5.649452624510658560e+18 1.467260708234267852e-02 1.432853698380031487e-02
3.125678059497161216e+18 1.914877292369536075e-03 6.470531486712409810e-03
8.317030927286074368e+18 5.066847104929553952e-03 1.233408220914227783e-02
5.537723406340718592e+18 3.656388962908058843e-02 4.801872861951823890e-02
5.218502806758117376e+18 2.326995162225060747e-03 1.194621751392366781e-02
5.182525837676987392e+18 1.491324810380027658e-03 8.734000672037289109e-03
5.019630760466462720e+18 3.245765158891936349e-03 1.374077718958391023e-02
5.388836731927339008e+18 2.175808476230977825e-03 2.394741862622141657e-02
7.284195481351854080e+18 2.414448164768399907e-03 1.131557738379673772e-02
5.088582532944048128e+18 2.696962161264121645e-03 2.393040697922979923e-02
8.951682257127830528e+18 1.762142053358130376e-03 1.039407537655685776e-02
1.635029607905354957e+19 1.603518178528593558e-03 1.748473419922971436e-02
7.812266781785094144e+18 4.343150441109755976e-03 1.288811460801003901e-02
5.801855841732916224e+18 2.303544883084273492e-03 2.073770409447487847e-02
9.463548081183666176e+18 1.474560014920968908e-02 3.014187252586851898e-02
3.359416786168546304e+18 2.513307062534235817e-03 2.738517303619893498e-02
3.964857437213301760e+18 3.394321436247861243e-03 8.747927725266713833e-03
3.694669469038710784e+18 1.625982897761300405e-03 3.001683537673062105e-02
6.444315142028222464e+18 3.754087874015092641e-03 1.428731431520959862e-02
6.204872893046360064e+18 3.589862098646439629e-03 4.809903954585523396e-03
3.237233051604819456e+18 1.803394304008272163e-03 2.088268456319699456e-02
4.379805118246257152e+18 3.130856952245286099e-03 4.498604702275770320e-03
3.288036345547486208e+18 3.634175270744422013e-03 6.522171241651779534e-03
1.624373945369813402e+19 4.960148885800981337e-03 2.320142255541583765e-02
1.501355186912703283e+19 6.338923732521995098e-03 1.776678481753136279e-02
3.873095445957611520e+19 3.863441942320374085e-03 2.681900216439095375e-02
3.601028032651280896e+18 2.322693002923677599e-03 1.329541138765521872e-02
4.792845005660544000e+18 2.216268309658582167e-03 2.073598005180192841e-02
6.284693796246363136e+18 1.314955078890261975e-02 2.845280821386143161e-02
3.407350636067859968e+18 3.338655758903825033e-03 7.252477761501167908e-03
4.060126217828003840e+18 1.653253653856444393e-03 2.039597559350658090e-02
3.757296196367161344e+18 3.599913486269617612e-03 1.707053738747782087e-02
8.991995458607282176e+18 2.131031127348169147e-03 6.528479842702040320e-03
4.822865232160432128e+19 2.292562492533771739e-03 2.466619546438725274e-02
1.346029162647161446e+19 4.655348603521304238e-03 2.828797467005819688e-02
4.736007356647538688e+18 2.732923924070620320e-03 1.097759454093443464e-02
3.774671234635166208e+18 2.586425128798052787e-03 2.734606401290164482e-02
1.085309722697475482e+19 2.542798892602219762e-03 2.350737495511174766e-02
2.988523694246369280e+18 2.717407721561414594e-03 3.694545343391166230e-03
2.331851165734319718e+19 1.541511652199527641e-02 4.536883924249639211e-02
4.556409652582064128e+18 2.318068844262971551e-03 8.985871442544136195e-03
7.607441534072076698e+19 2.462139052738811056e-03 2.744209857342312653e-02
3.474934053280968704e+18 4.432449111872952506e-03 1.167097764772559963e-02
2.349522739331185459e+19 2.403697483747827598e-03 1.892200145358602370e-02
5.429597225816143872e+18 1.360808407899870591e-03 1.869744196912577483e-02
8.420044021314460672e+18 6.345918718072271654e-03 1.750963650596414761e-02
9.900330529659973632e+18 2.842291745035408195e-03 8.814855469778571859e-03
5.276063048425873408e+18 2.120031941978588966e-03 1.795181964935899446e-02
2.215570023011148595e+19 6.549399701051986447e-03 1.486884825361808361e-02
2.880564491704837325e+19 3.205081405611750166e-03 3.759624228159493681e-02
5.609002245698178048e+18 1.844315265540523181e-03 1.447557480381742902e-02
4.740930235449726976e+18 1.593579073938267100e-03 1.814067554843185395e-02
8.933124783268321280e+18 3.084116580463052652e-03 6.869166839823914739e-03
3.293863203959985664e+18 1.737342301050576838e-03 3.377956276432097366e-02
3.195971797103563776e+18 2.331711632403198585e-03 8.586446620094778659e-03
3.971267297212851200e+18 3.425291374217192836e-03 1.220684205055832909e-02
2.480924462395172864e+18 1.451903652629387212e-03 1.844320602695383518e-02
5.763536739491760128e+18 4.272917674818912763e-03 8.326418587481123137e-03
5.532653356591224832e+18 3.500709862143651895e-03 2.545443529779313832e-02
4.323708217727685632e+18 4.431784712752222938e-03 4.750357860812721988e-02
2.968735869302397440e+18 3.610333745614582087e-03 1.209787006290871658e-02
3.954931382808694784e+18 2.287913397112255765e-03 3.883874947907509090e-02
7.137520957238505472e+18 1.280663011394667095e-02 4.907540349443263034e-02
7.141237719699109888e+18 6.964105123110552083e-03 1.957754993247599537e-02
1.856395144854184755e+19 4.910691565611590564e-03 2.771332518618839502e-02
3.517974982637618688e+18 3.333551789806366277e-03 1.774764342040789297e-02
5.916279096927292416e+18 8.189261724284972038e-03 1.782512599303372192e-02
7.704577458352530432e+18 1.802304419868803152e-03 6.125536781835928465e-03
3.754092393788531712e+18 1.669792729634906768e-03 1.002178869845979023e-02
2.931928187750419968e+18 3.397126087979758340e-03 2.293204903142767939e-02
3.222847388183496704e+18 3.776356795316896785e-03 7.956980310926231592e-03
8.642017866563549184e+18 3.498650291476545007e-03 2.848441253535073311e-02
