4.091451664765675678e-01
1.086783883246508486e-01
5.469671456199703963e-02
4.209897390594988242e-02
3.395250786773183066e-02
2.625236328634800165e-02
8.930488513556844588e-02
5.399471191181377805e-02
2.732995276649792873e-02
1.907831237115191828e-02
1.489628732881762702e-02
1.226655776245575910e-02
1.036293239502066900e-02
8.738241334812659258e-03
7.645407070716221838e-03
7.091343180615116565e-03
6.240448378252260245e-03
5.582860081851707956e-03
5.233513427700734605e-03
4.783537365834821670e-03
4.547441230070861824e-03
4.657278698163501776e-03
4.216739791445434093e-03
3.920624353640684602e-03
3.879556277145942197e-03
3.568049611975297915e-03
3.240642097256513348e-03
3.035595995077694162e-03
2.871574765198271501e-03
2.988283622967587237e-03
3.062627691013569339e-03
2.592605203531230928e-03
2.430412678443120977e-03
2.411640363844167953e-03
2.162684536553128971e-03
2.260137187091238505e-03
2.008359796353474842e-03
1.928138084512091149e-03
1.843785320295754674e-03
2.120002056472003460e-03
1.778136028654196026e-03
1.627278115572125669e-03
1.613730513561291218e-03
1.556619943585246801e-03
1.578552323873296014e-03
1.594517505233825202e-03
1.385176332956744322e-03
1.407697063052293059e-03
1.342286989022272109e-03
1.297650790850942261e-03
1.273030268776258710e-03
1.534293833449765091e-03
3.327491986000854010e-03
1.379297522362321615e-03
1.252581405093554845e-03
1.178163520914192073e-03
1.115195476979186648e-03
1.067636938497536908e-03
1.034015488888447411e-03
1.006418019780099026e-03
9.770970059572860016e-04
9.552842962104036821e-04
9.190319785072157419e-04
9.137851443621470941e-04
9.055298163950668616e-04
8.683869408824565440e-04
8.505673948534284807e-04
8.386137831786817263e-04
8.296237775181052737e-04
8.068981317619820879e-04
8.023828382702600940e-04
7.840383570344948818e-04
7.903502855421693299e-04
7.711253852131917490e-04
7.688982119416874631e-04
7.846237453067618625e-04
7.678339324863345597e-04
8.328738895767000966e-04
7.338692508214576284e-04
7.353740573197490010e-04
7.503117993826780322e-04
7.332200210922482043e-04
7.341191865800118397e-04
1.047810074823880312e-03
7.169641833046846383e-04
6.814624974856886867e-04
6.796589163555340728e-04
6.709771008569408645e-04
6.681954440533776273e-04
6.597061786151518867e-04
6.896343697779670941e-04
1.155130053644604689e-03
6.917993746218130575e-04
6.454130325988498978e-04
6.468319775056884276e-04
6.348271016384277347e-04
6.234495967598350022e-04
6.170225520194931070e-04
6.087210336276752988e-04
6.167352381232900577e-04
6.007890121757307033e-04
6.292174564970827054e-04
1.122014773445147509e-03
6.395310091179316021e-04
5.877232064394223706e-04
5.818509203946274503e-04
5.789041699079626848e-04
5.890264988975656016e-04
5.809959018899297665e-04
5.925096215144025130e-04
5.742601228341685576e-04
6.081302121994226588e-04
5.798778350281556890e-04
5.593771338956712511e-04
5.754183953148171889e-04
5.716321545399048309e-04
6.839625725247474274e-04
6.429854415314780434e-04
5.594677654285492262e-04
5.491876989694763995e-04
5.702058512145991931e-04
5.595206889803662313e-04
5.514314856775330348e-04
5.772284145650426104e-04
5.513128571416900728e-04
5.771504105668458359e-04
5.399733067447828015e-04
6.410658904562958459e-04
6.094827994908855531e-04
5.291588088518685718e-04
5.445177111224355727e-04
6.746085648156815735e-04
5.188410476407487966e-04
5.233306208427882227e-04
5.223369115617859963e-04
5.226801021666633434e-04
5.215781949862667967e-04
5.528792345571811222e-04
5.264531681666884426e-04
5.045434791651186995e-04
5.312812255314466924e-04
5.306379082894911812e-04
5.024484121487616910e-04
6.213801971171051264e-04
5.070429430237378488e-04
4.919059102769207355e-04
4.865756954214620566e-04
5.255481016568162422e-04
4.924514986200709916e-04
5.039001716244401879e-04
5.009111526746754623e-04
4.921369567675741357e-04
7.352312174837359170e-04
5.048631631352966474e-04
4.776852182465407852e-04
4.737080144519550799e-04
5.432681677065733091e-04
4.659824912916078581e-04
4.582966692837406970e-04
4.532383243327565200e-04
5.000588637565008421e-04
4.521413630396692155e-04
6.926403712537703566e-04
5.214967774615312255e-04
4.694880820655574221e-04
5.105565902671183954e-04
4.628111884371857070e-04
4.331922867674041977e-04
4.396380540900722729e-04
4.333329380835604068e-04
4.307921595737394674e-04
4.507181764700252417e-04
4.489588102318741673e-04
4.345165198725281356e-04
4.383107258366759429e-04
4.285392571932100051e-04
4.225844617890701905e-04
4.367264605896321547e-04
4.172135738895810849e-04
4.238211391070349798e-04
4.250657106185275333e-04
4.359738531727061842e-04
4.040894334938264468e-04
4.232718387026001205e-04
4.256377618400041451e-04
4.168447009181942354e-04
3.974093754853432196e-04
3.968751998124362204e-04
4.074356988756776439e-04
1.122943503133049491e-03
2.580093492393974435e-03
7.064807220806621890e-04
5.240524443444993493e-04
4.710499148738260251e-04
4.593164410449169285e-04
4.171999532969273335e-04
4.111606619765304903e-04
4.024486693334906710e-04
3.946767193900251980e-04
4.108544716004734016e-04
4.268961572299965600e-04
3.902358796701512356e-04
3.881350814040298485e-04
3.845827101913252481e-04
3.858531907264312511e-04
3.863466752756556277e-04
3.993767538552426676e-04
4.026027921954113261e-04
4.232697000120286919e-04
3.742499102372676134e-04
3.709668614619383224e-04
3.666024034221966881e-04
3.699976589290820354e-04
3.761634328508411040e-04
3.625030931840283869e-04
3.754923827452303145e-04
3.992415092370444544e-04
4.081123827773174635e-04
3.915273921324335330e-04
3.655106548015310194e-04
3.623013079490964390e-04
3.631871941527633693e-04
3.723189165060775282e-04
3.753433005785512941e-04
3.568575052530363785e-04
3.490392608165910249e-04
3.549692509378391480e-04
3.758872935026319625e-04
3.382889606820588713e-04
3.451338707236573100e-04
3.427116731252295386e-04
4.603493046791602987e-04
3.534015246039030563e-04
3.404513188412017829e-04
3.322694877473016399e-04
3.402584512845020304e-04
3.400057683007396466e-04
3.376228793940478571e-04
3.648726966330838187e-04
4.897497640217118257e-04
3.737650889282425064e-04
3.528162306986015436e-04
3.388930649221451297e-04
3.373658806650024636e-04
3.332906348849505769e-04
3.257741676255439538e-04
3.334064950291631816e-04
3.666533867186499832e-04
4.290589607659388771e-04
3.341605307386171842e-04
3.230513168752870579e-04
3.127634717560740115e-04
3.299157410352067366e-04
3.137897812958919427e-04
3.089042174079540347e-04
3.118241244616608006e-04
3.475121043403773917e-04
3.221557849566593183e-04
3.165512263711372609e-04
3.019903974332423225e-04
3.245055872177931059e-04
2.987502728391326049e-04
2.962389377044570430e-04
3.075772062099228483e-04
3.146674924099705198e-04
2.991616612152111555e-04
2.966613652516213043e-04
1.037351128285412183e-03
1.903665090635926847e-03
4.525356476237489566e-04
3.682533393712770923e-04
3.436868101936962601e-04
3.261161288140680204e-04
3.291629925087997325e-04
3.183560686672783514e-04
3.113962712549519563e-04
3.112049947076505414e-04
3.156858663053505997e-04
3.220147014927175625e-04
3.241174184068134419e-04
3.197412094750413307e-04
3.107084141282195444e-04
3.066418598102631557e-04
3.093486933115248698e-04
3.118072455628972646e-04
3.107770387556008703e-04
3.053037159561151274e-04
3.243800504909207243e-04
2.871355792387586233e-04
2.940239536463085416e-04
3.337998862138413184e-04
3.079502569038816088e-04
3.066474817001796967e-04
3.050918466848970625e-04
2.955652201886881580e-04
2.892632698851891736e-04
2.964941597769432061e-04
2.984277746167429083e-04
3.111563538285818721e-04
2.967944381067134148e-04
2.866419690139027240e-04
3.040844709506596933e-04
2.896608493756502867e-04
2.872719589063445949e-04
2.933300764363428359e-04
3.194697981763800388e-04
2.945823948583424674e-04
2.843594481942780024e-04
2.791454828570060723e-04
2.829390908697281470e-04
2.770677573139299727e-04
2.952328522400366070e-04
2.933699738191948548e-04
3.194671528145783565e-04
2.783148842299300449e-04
2.749271974828320134e-04
2.884223755576055060e-04
2.700842539497622856e-04
2.802349033917187729e-04
2.783383313340671069e-04
2.840593449284576754e-04
2.716808274712865330e-04
3.270548049565122697e-04
2.732058961886319826e-04
2.826586701716719851e-04
2.732174135885680937e-04
2.726605587557776847e-04
2.685422483464759572e-04
2.893244571609874345e-04
2.625604238622172501e-04
2.640310095474970365e-04
2.866433770219428538e-04
2.653918541689177465e-04
2.573535966803319752e-04
2.804276428474677799e-04
2.641294977916969059e-04
2.634778826508078287e-04
2.825748524628579617e-04
2.630828601082391745e-04
2.661145525494110859e-04
2.804010084329285643e-04
2.806811200130279087e-04
2.750380956444353157e-04
2.656168532363760155e-04
2.521917483659997291e-04
2.609794442612451922e-04
2.742111069947537763e-04
2.656481429408868848e-04
2.606009804753050500e-04
2.517129965285262749e-04
2.554953570131946209e-04
2.501286247879210131e-04
2.543008163091585623e-04
2.561145326277862173e-04
2.511859627592264691e-04
2.850200698682756398e-04
2.482962643791159396e-04
2.595780189784074421e-04
3.920634394903159425e-04
3.869041468009747856e-04
2.499438192127413465e-04
2.740959400508665464e-04
2.423736926478644302e-04
2.434444935660752941e-04
2.401510906620938789e-04
2.367885654993270633e-04
2.516105252487415666e-04
2.461002780667816419e-04
2.647461080800205761e-04
2.905984361088044358e-04
2.426138900883608753e-04
2.445335869031789000e-04
2.309185619003873173e-04
2.332847288926132023e-04
2.448076241610882002e-04
2.417264724058578904e-04
2.398256928603531720e-04
2.440179927031171014e-04
2.471882354725631796e-04
3.535918669623435459e-04
2.542301821945742979e-04
2.276959721436441840e-04
2.276630528451112812e-04
2.316195796910588739e-04
2.330186627769955689e-04
2.271539834151608942e-04
2.319548968278633649e-04
2.319531834500870100e-04
2.289661581127085978e-04
2.783401999322725824e-04
2.324015793309434062e-04
2.289348697310990982e-04
2.283477233228922785e-04
2.267359765634561488e-04
2.321445420172742896e-04
3.266038256697356701e-04
2.340472066972517663e-04
2.257658440309266159e-04
2.239907568736904868e-04
2.217623850535319150e-04
1.200094933720361953e-03
7.633439465390631524e-04
3.029966023997544659e-04
2.489782381224248413e-04
2.408522484598286158e-04
2.367803291153078077e-04
2.324702103523481180e-04
2.385326337058689882e-04
2.319635406655090148e-04
2.318698845390992458e-04
2.321141598231130847e-04
2.349039683450069736e-04
2.316274414735027844e-04
2.346964609001367993e-04
2.251955194162402448e-04
2.234767364853090040e-04
2.297241307766825856e-04
2.220067392706617110e-04
2.244525996061521764e-04
2.400627995622485293e-04
2.235319691614925258e-04
2.193236758819583658e-04
2.239306294623847010e-04
2.184131607822509410e-04
2.323812238473416873e-04
2.306048951471562991e-04
2.194243612448741208e-04
2.131342773667931848e-04
2.242887077789584393e-04
2.165489252850723854e-04
2.189668093430527449e-04
2.569212354666722720e-04
2.211567987229279882e-04
2.149861424131262590e-04
2.102721136356139483e-04
2.221401005182556225e-04
2.107824702486113609e-04
2.341957663178839081e-04
2.267686389986369301e-04
2.133211682755217851e-04
2.124658743868525614e-04
2.324666625513187063e-04
3.674150271267122314e-04
2.237472332181465338e-04
2.090405676316356963e-04
2.171777186132120791e-04
2.103899343196782466e-04
2.036780905186650161e-04
2.029027177327820646e-04
2.040570839061260806e-04
2.455594936195253119e-04
2.360272108379638499e-04
2.129580413262980589e-04
1.998095509462114881e-04
2.003585592099239540e-04
2.019331752142699654e-04
2.106006284134998626e-04
2.106954868367844828e-04
2.142194511675783980e-04
2.105929278045412902e-04
2.082133005112127364e-04
1.991227184066012793e-04
1.974452633558857145e-04
1.973052626867270482e-04
2.057610745947441159e-04
2.081909362018588181e-04
2.079360027423579995e-04
2.106031492020878483e-04
2.106954065807671833e-04
1.991530018241257662e-04
1.977106417832670223e-04
2.106445890879540741e-04
2.071950346527790432e-04
2.024674732555550632e-04
2.010976410626123259e-04
1.975990757769481825e-04
1.975083373095417010e-04
2.227435020772232128e-04
1.970072196193293340e-04
1.995562664832863499e-04
2.040019283991899779e-04
1.980799592495190490e-04
2.006304368313232655e-04
2.037827031348239193e-04
1.962155083398983777e-04
1.948402736381853509e-04
1.962676890825881056e-04
1.957433518272768248e-04
2.175648520333748768e-04
1.915296141470951741e-04
1.959136438513682770e-04
2.040591780590175687e-04
1.982364313638148299e-04
1.927763102382110962e-04
1.933729409674097893e-04
1.996300594658929417e-04
2.056437303756617613e-04
2.245733714627214962e-04
1.949918430799505418e-04
1.993947133252566462e-04
1.812627705283265415e-04
1.814530090390083781e-04
1.803875411772451400e-04
1.826146460988445884e-04
1.808926520452862970e-04
1.797569667828749116e-04
1.802025239378439773e-04
1.814845591346084177e-04
1.809227648085321794e-04
1.817114012241786731e-04
1.812091531147333684e-04
1.816793442368648363e-04
1.796632255498093974e-04
1.816234227700271899e-04
1.812717045223425033e-04
1.818315420567876404e-04
1.800264241561914393e-04
1.817818238950249848e-04
1.814702931865626561e-04
1.786934693827237476e-04
1.810898693017379344e-04
1.809777609058514820e-04
1.818575525028405201e-04
1.812762859503202432e-04
1.816297823979491004e-04
1.803762947516092646e-04
1.808741409066979883e-04
1.815705342750968047e-04
1.869698784448150088e-04
1.855353122774624521e-04
1.805910338368972253e-04
1.803612976800650358e-04
1.813189784033139346e-04
1.795905901059141455e-04
1.821155176113472575e-04
1.809175600735188425e-04
1.814181761636229451e-04
1.812115400697979618e-04
1.807179014025622906e-04
1.787866186174197195e-04
1.814407080404855602e-04
1.796127987538718291e-04
1.809866942384167319e-04
1.782720924397422386e-04
1.903711831387640524e-04
1.783270104858798396e-04
1.763123152407140143e-04
1.761716308520231854e-04
1.774776484870182569e-04
1.795706403120703100e-04
1.778946552252763809e-04
1.830475657973720729e-04
1.770561315369735946e-04
1.792480677867195314e-04
1.780963136821590072e-04
1.770824773385274115e-04
1.768884566527875962e-04
1.771902968881256587e-04
1.782398264340096720e-04
1.792130940223366626e-04
1.787961124192048322e-04
1.790008397868157037e-04
1.796007213256829965e-04
1.775517475008117857e-04
1.759109811356404120e-04
1.822196065790415102e-04
1.764490278384817546e-04
1.771780104415180692e-04
1.756251098633969713e-04
1.756012786768912978e-04
1.752592211370497359e-04
1.746411342702975278e-04
1.758989577259247592e-04
1.750448092493708428e-04
1.752496265742758508e-04
1.750399328143843996e-04
1.801129008967880909e-04
1.745867264231271750e-04
1.734131281299403614e-04
1.724763113253919189e-04
1.756313352168283753e-04
1.770232415627547191e-04
1.804809349282136572e-04
1.757241528442440024e-04
1.742834530446226891e-04
1.746962081983149343e-04
1.725411509114289292e-04
1.759491314067307714e-04
1.788479780908814980e-04
1.740407255552285897e-04
1.734541404981758883e-04
1.727875399713715008e-04
1.748414707077300249e-04
1.737572643888239275e-04
1.743772258068378557e-04
1.723403501356105211e-04
1.714226067027387610e-04
1.806767088992549471e-04
1.910714113777926576e-04
1.722751926122741389e-04
1.713911743453619180e-04
1.699053708844902816e-04
1.705566676471128456e-04
1.700133787270522421e-04
1.700306073127483730e-04
1.707296422947282794e-04
1.724613347588191631e-04
1.705178916436676394e-04
1.714404076637671896e-04
1.734567031786410211e-04
1.715089886354028575e-04
1.748892779384429166e-04
1.838308069802058642e-04
1.693532275649803581e-04
1.722265316692011649e-04
1.703438547062405349e-04
1.689298856724759054e-04
1.705407196299568110e-04
1.710476735201099815e-04
1.682018648187460596e-04
1.743059022401487819e-04
1.724501868893364080e-04
1.706497154593693603e-04
1.679312898142432575e-04
1.701335905553688404e-04
1.714336996718140538e-04
1.676947894421490731e-04
1.694725089526565964e-04
1.689061722241934826e-04
1.706406760742097510e-04
1.731259884157528570e-04
1.703203747500524508e-04
1.703973594527324734e-04
1.685173331431790583e-04
1.669093381320690809e-04
1.663700090968191041e-04
1.708824157972368594e-04
1.682004715831047288e-04
1.687047512281093309e-04
1.681050015384133759e-04
1.668557859816108648e-04
1.686940668150782585e-04
1.707940512763646832e-04
1.678157136528611766e-04
1.679844552365300958e-04
1.684936860604493915e-04
1.667965100778295092e-04
1.668579722966321416e-04
1.667795152047112876e-04
1.675801137356426130e-04
1.685586014928324512e-04
1.752157126743854570e-04
1.641075456670174906e-04
1.652653266898017814e-04
1.640407012239324439e-04
1.654025303044666937e-04
1.711420843617595441e-04
1.683648162835390562e-04
1.657415947799260327e-04
1.657598078247357306e-04
1.652352295808889263e-04
1.669849300400749140e-04
1.656795615086924722e-04
1.706225432854174069e-04
1.684007028498771491e-04
1.637645354176956120e-04
1.642715234828012283e-04
1.654665763701566167e-04
1.646352045072214314e-04
1.650285899593268942e-04
1.637779644101321989e-04
1.684704056418867709e-04
1.647041173066210147e-04
1.650813895993809689e-04
1.688014782495994267e-04
1.632143916636282193e-04
1.677757633539537498e-04
1.655485254807651646e-04
1.615109640900327860e-04
1.627702773531023871e-04
1.639256912643428455e-04
1.667365947717123337e-04
1.624382275622338057e-04
1.626576062831604468e-04
1.615709241543134456e-04
1.658693028289373215e-04
1.624358002586770054e-04
1.604349121352601339e-04
1.625414065942591441e-04
1.609772765677365948e-04
1.610703781779827186e-04
1.623467409940944600e-04
1.611563747053768340e-04
1.613565043292262264e-04
1.589482468041365456e-04
1.599077295395545661e-04
1.659826227820083207e-04
1.601381842523220489e-04
1.668084874064802541e-04
1.596756798486846098e-04
1.579937013571686751e-04
1.603405405396849520e-04
1.626254399359988267e-04
1.597041773493401706e-04
1.596380490368711944e-04
1.586983079588125351e-04
1.595920272820600875e-04
1.626869784421146499e-04
1.587156787564074985e-04
1.564975561147245178e-04
1.589118482749626935e-04
1.609079340458706604e-04
1.608545648967706250e-04
1.574730823366818128e-04
1.589173599230972228e-04
1.589756500448636419e-04
1.584785537543762933e-04
1.557364256851459744e-04
1.553758318715898101e-04
1.578846301223772177e-04
1.581325746938642572e-04
1.568054766253088419e-04
1.556772007130679180e-04
1.569547387065761083e-04
1.561828504429396388e-04
1.583139402844773824e-04
1.556594259895835821e-04
1.570682994276990604e-04
1.582900859471974967e-04
1.542538331264178451e-04
1.557366344830811607e-04
1.561779722440846847e-04
1.592156728623773465e-04
1.530156117620539357e-04
1.584990803332237308e-04
1.558174833807049995e-04
1.534002570251962534e-04
1.526013544538396905e-04
1.520134859619605829e-04
1.536311577762138536e-04
1.561371351602825830e-04
1.580783185393860033e-04
1.519000149776481695e-04
1.548695422984151554e-04
1.535146540404777225e-04
1.509084291738514315e-04
1.518128415089890944e-04
1.527781701456247282e-04
1.525439590543762453e-04
1.514865525126824083e-04
1.514906341044203945e-04
1.534048003095173844e-04
1.548824271374156188e-04
1.534755369489589321e-04
1.530014020373169790e-04
1.650949105334637468e-04
1.500320530877533259e-04
1.503451487885534160e-04
1.503298196687617011e-04
1.536447232479765720e-04
1.496921300492954862e-04
1.509338815760036712e-04
1.508504684545297321e-04
1.504539680106311433e-04
1.528887080370843702e-04
1.484218905027250338e-04
1.498285624124532950e-04
1.484742895241431600e-04
1.478323046643653812e-04
1.512893019632125804e-04
1.556607506548365048e-04
1.486319985512333521e-04
1.509527487955479336e-04
1.509311010577772270e-04
1.479872624975431565e-04
1.511995532465251985e-04
1.559787192628859891e-04
1.540425723898365511e-04
1.491944194915986656e-04
1.637783383502568592e-04
1.478877084357946216e-04
1.469957979597066638e-04
1.471367193682288532e-04
1.497840840425906776e-04
1.471536891062207811e-04
1.459930298909911813e-04
1.456853856463126255e-04
1.465985650694082382e-04
1.506176342831388407e-04
1.460657963021235156e-04
1.475510886820936211e-04
1.488794935567332796e-04
1.452917413465029596e-04
1.480354039813391864e-04
1.456984276900942911e-04
1.474207714305852046e-04
1.468591495226560545e-04
1.477678167496130474e-04
1.483094379319950355e-04
1.446639388715001645e-04
1.462589108004150090e-04
1.478314685906904349e-04
1.552987358247099226e-04
1.450648800748626280e-04
1.444297723179316221e-04
1.460210981101475053e-04
1.458422592611785832e-04
1.467400826654876765e-04
1.441574601234275410e-04
1.430234664109196951e-04
1.434071635947365168e-04
1.450009032410117980e-04
1.484972303980171097e-04
1.446498294667848932e-04
1.478496534136039314e-04
1.469453182477137147e-04
1.445142647064516831e-04
1.464941947646862281e-04
1.438873525440805847e-04
1.458393477757150838e-04
1.443700911653594972e-04
1.444470427955049272e-04
1.467382546362580055e-04
1.421006004834039522e-04
1.424772468233255159e-04
1.425948011632444264e-04
1.445976831195311548e-04
1.430573426081206212e-04
1.422224535913714754e-04
1.462866022131603357e-04
1.437279857010721577e-04
1.419480130690234604e-04
1.446562342938374291e-04
1.974400958825947041e-04
1.540195717649167476e-04
1.434952675040359791e-04
1.437156189984472687e-04
1.425794182454631024e-04
1.419452327712805869e-04
1.447020430615256431e-04
1.424919746844380199e-04
1.424242624180447768e-04
1.421163685859717137e-04
1.449040315823036740e-04
1.436443567261890160e-04
1.448935400923911628e-04
1.455338139997117825e-04
1.422852016703197368e-04
1.417718808762870146e-04
1.422935039789246614e-04
1.412127932064432797e-04
1.427307511083640741e-04
1.431841299177683598e-04
1.439532306077043417e-04
1.430419632180763190e-04
1.442297827011454101e-04
1.399303717224745756e-04
1.424427307828216558e-04
1.397461383021436632e-04
1.423050079293633702e-04
1.402537562887918058e-04
1.420144599802425204e-04
1.410702459521196491e-04
1.411301292881200309e-04
1.415736460881872175e-04
1.418158018636997040e-04
1.439762327760091124e-04
1.439954640139176547e-04
1.397743926094280483e-04
1.405195851640945082e-04
1.436712321292637280e-04
1.395829833310210401e-04
1.384155449076471028e-04
1.395220932670671347e-04
1.389664901194698817e-04
1.408068785553261929e-04
1.462014505787837210e-04
1.424664332069258991e-04
1.412627049527751812e-04
1.419635902328247423e-04
1.409301736258026670e-04
1.402730915949425988e-04
1.443756868177319456e-04
1.408988246112130582e-04
1.403668531124959882e-04
1.409176173073126679e-04
1.385090442702428110e-04
1.389752181818370213e-04
1.417542655624195330e-04
1.382606104457271103e-04
1.384654747336312546e-04
1.375967159137045143e-04
1.378728391666134601e-04
1.414076243897646062e-04
1.377996747826479979e-04
1.377029376189139781e-04
1.371604633856226196e-04
1.380083331517226099e-04
1.380196003028135289e-04
1.384657913480292568e-04
1.396410249678107509e-04
1.391830464302929045e-04
1.376793220653339637e-04
1.453633182488071331e-04
1.376681916140528011e-04
1.380466688494903457e-04
1.416701398380665181e-04
1.360260582507841892e-04
1.369454989661321627e-04
1.380120648360444306e-04
1.382297072489040483e-04
1.382432639013242122e-04
1.404526606854756784e-04
1.377722938107608854e-04
1.362903530014481250e-04
1.363027748249640470e-04
1.371737830182114231e-04
1.361945156311390411e-04
1.371212997720717801e-04
1.413945653687485166e-04
1.362949613284206694e-04
1.363691622056207968e-04
1.367333148443845522e-04
1.402143269925462904e-04
1.363734380433787410e-04
1.344568299828097224e-04
1.364621443137752402e-04
1.434954072906155888e-04
1.353109178263835026e-04
1.357855790322928726e-04
1.350772967491524804e-04
1.358823349371298544e-04
1.364057735014339982e-04
1.345564916405375298e-04
1.360471005406879783e-04
1.371562140058923658e-04
1.357124430907071823e-04
1.349434400749900925e-04
1.381386294572924665e-04
1.346411116890411678e-04
1.347604698049976839e-04
1.378323934411376111e-04
1.365690155635644208e-04
1.351250124791862953e-04
1.371909401672327818e-04
1.408749080975680960e-04
1.350561208462088697e-04
1.347615168814434415e-04
1.334935771989297559e-04
1.333226468749203371e-04
1.332975018268564040e-04
1.357461799422956400e-04
1.404199896514359404e-04
1.342313908301576077e-04
1.340402776611771289e-04
1.333145624040766967e-04
1.355916218458195035e-04
1.353471935462121961e-04
1.368418297991438805e-04
1.332277088570690750e-04
1.337315497397812010e-04
1.336315357493180324e-04
1.325555034175825706e-04
1.338044464566998787e-04
1.340507603317470857e-04
1.337884098051511043e-04
1.327976995415872639e-04
1.325318834543312790e-04
1.322250029647186690e-04
1.342001990203491740e-04
1.325751167535076428e-04
1.346416053517411062e-04
1.325617001081506321e-04
1.358235447586401111e-04
1.332399276152224847e-04
1.328525098815038343e-04
1.316750514723191256e-04
1.341482815350349535e-04
1.351370929941450355e-04
1.404394870130062998e-04
1.465125619275072205e-04
1.357067120614264015e-04
1.309110479214172353e-04
1.313116107749837341e-04
1.319128090416956235e-04
1.319398665641942608e-04
1.301565440151148897e-04
1.321579783865617515e-04
1.314433503659639653e-04
1.314183775155635769e-04
1.301634000617813173e-04
1.297363825980221176e-04
1.306737627380767327e-04
1.356824532470482438e-04
1.368882598895156371e-04
1.313843403653608562e-04
1.294580708252562429e-04
1.300708789847593609e-04
1.329187013625139006e-04
1.308044020058304966e-04
1.314438817313533714e-04
