2.500000000000000139e-02,5.207000000000000000e+03,3.422000000000000000e+03,5.207000000000000000e+03,3.422000000000000000e+03
7.500000000000001110e-02,4.835000000000000000e+03,3.030000000000000000e+03,1.004200000000000000e+04,6.452000000000000000e+03
1.250000000000000000e-01,3.417000000000000000e+03,2.026000000000000000e+03,1.345900000000000000e+04,8.478000000000000000e+03
1.749999999999999889e-01,3.258000000000000000e+03,1.828000000000000000e+03,1.671700000000000000e+04,1.030600000000000000e+04
2.249999999999999778e-01,3.137000000000000000e+03,1.637000000000000000e+03,1.985400000000000000e+04,1.194300000000000000e+04
2.749999999999999667e-01,2.492000000000000000e+03,1.214000000000000000e+03,2.234600000000000000e+04,1.315700000000000000e+04
3.249999999999999556e-01,2.837000000000000000e+03,1.284000000000000000e+03,2.518300000000000000e+04,1.444100000000000000e+04
3.749999999999999445e-01,2.701000000000000000e+03,1.195000000000000000e+03,2.788400000000000000e+04,1.563600000000000000e+04
4.249999999999999334e-01,2.540000000000000000e+03,1.145000000000000000e+03,3.042400000000000000e+04,1.678100000000000000e+04
4.749999999999999223e-01,2.423000000000000000e+03,1.113000000000000000e+03,3.284700000000000000e+04,1.789400000000000000e+04
5.249999999999999112e-01,2.280000000000000000e+03,1.106000000000000000e+03,3.512700000000000000e+04,1.900000000000000000e+04
5.749999999999999556e-01,1.759000000000000000e+03,9.090000000000000000e+02,3.688600000000000000e+04,1.990900000000000000e+04
6.250000000000000000e-01,1.718000000000000000e+03,9.010000000000000000e+02,3.860400000000000000e+04,2.081000000000000000e+04
6.750000000000000444e-01,1.660000000000000000e+03,9.170000000000000000e+02,4.026400000000000000e+04,2.172700000000000000e+04
7.250000000000000888e-01,1.284000000000000000e+03,7.250000000000000000e+02,4.154800000000000000e+04,2.245200000000000000e+04
7.750000000000001332e-01,1.267000000000000000e+03,7.290000000000000000e+02,4.281500000000000000e+04,2.318100000000000000e+04
8.250000000000001776e-01,1.904000000000000000e+03,1.113000000000000000e+03,4.471900000000000000e+04,2.429400000000000000e+04
8.750000000000002220e-01,1.281000000000000000e+03,7.390000000000000000e+02,4.600000000000000000e+04,2.503300000000000000e+04
9.250000000000002665e-01,1.599000000000000000e+03,9.530000000000000000e+02,4.759900000000000000e+04,2.598600000000000000e+04
9.750000000000003109e-01,1.618000000000000000e+03,9.690000000000000000e+02,4.921700000000000000e+04,2.695500000000000000e+04
1.025000000000000355e+00,1.292000000000000000e+03,7.810000000000000000e+02,5.050900000000000000e+04,2.773600000000000000e+04
1.075000000000000400e+00,1.666000000000000000e+03,1.014000000000000000e+03,5.217500000000000000e+04,2.875000000000000000e+04
1.125000000000000444e+00,1.717000000000000000e+03,1.063000000000000000e+03,5.389200000000000000e+04,2.981300000000000000e+04
1.175000000000000488e+00,1.758000000000000000e+03,1.101000000000000000e+03,5.565000000000000000e+04,3.091400000000000000e+04
1.200000000000000400e+00,5.610000000000000000e+03,3.549000000000000000e+03,6.126000000000000000e+04,3.446300000000000000e+04
1.250000000000000444e+00,2.713000000000000000e+03,1.711000000000000000e+03,6.397300000000000000e+04,3.617400000000000000e+04
1.300000000000000488e+00,2.771000000000000000e+03,1.901000000000000000e+03,6.674400000000000000e+04,3.807500000000000000e+04
