6.250000000000000000e-02,3.144000000000000000e+03,1.946000000000000000e+03,7.500000000000000000e+02,3.144000000000000000e+03,1.946000000000000000e+03,7.500000000000000000e+02
1.250000000000000000e-01,4.106000000000000000e+03,2.292000000000000000e+03,2.302000000000000000e+03,7.250000000000000000e+03,4.238000000000000000e+03,3.052000000000000000e+03
2.500000000000000000e-01,2.172000000000000000e+03,1.320000000000000000e+03,1.234000000000000000e+03,9.422000000000000000e+03,5.558000000000000000e+03,4.286000000000000000e+03
5.000000000000000000e-01,1.820000000000000000e+03,1.318000000000000000e+03,7.360000000000000000e+02,1.124200000000000000e+04,6.876000000000000000e+03,5.022000000000000000e+03
7.500000000000000000e-01,5.040000000000000000e+02,2.120000000000000000e+02,9.400000000000000000e+01,1.174600000000000000e+04,7.088000000000000000e+03,5.116000000000000000e+03
1.250000000000000000e+00,2.420000000000000000e+02,6.400000000000000000e+01,5.400000000000000000e+01,1.198800000000000000e+04,7.152000000000000000e+03,5.170000000000000000e+03
1.500000000000000000e+00,4.580000000000000000e+02,6.200000000000000000e+01,8.400000000000000000e+01,1.244600000000000000e+04,7.214000000000000000e+03,5.254000000000000000e+03
1.750000000000000000e+00,4.260000000000000000e+02,5.200000000000000000e+01,8.200000000000000000e+01,1.287200000000000000e+04,7.266000000000000000e+03,5.336000000000000000e+03
2.250000000000000000e+00,2.620000000000000000e+02,0.000000000000000000e+00,3.200000000000000000e+01,1.313400000000000000e+04,7.266000000000000000e+03,5.368000000000000000e+03
2.500000000000000000e+00,8.400000000000000000e+02,5.600000000000000000e+01,6.600000000000000000e+01,1.397400000000000000e+04,7.322000000000000000e+03,5.434000000000000000e+03
3.000000000000000000e+00,9.600000000000000000e+01,0.000000000000000000e+00,8.000000000000000000e+00,1.407000000000000000e+04,7.322000000000000000e+03,5.442000000000000000e+03
3.500000000000000000e+00,3.000000000000000000e+01,0.000000000000000000e+00,0.000000000000000000e+00,1.410000000000000000e+04,7.322000000000000000e+03,5.442000000000000000e+03
4.000000000000000000e+00,1.000000000000000000e+01,0.000000000000000000e+00,0.000000000000000000e+00,1.411000000000000000e+04,7.322000000000000000e+03,5.442000000000000000e+03
4.500000000000000000e+00,1.200000000000000000e+01,0.000000000000000000e+00,0.000000000000000000e+00,1.412200000000000000e+04,7.322000000000000000e+03,5.442000000000000000e+03
5.000000000000000000e+00,6.000000000000000000e+00,0.000000000000000000e+00,0.000000000000000000e+00,1.412800000000000000e+04,7.322000000000000000e+03,5.442000000000000000e+03
