0.000000000000000000e+00,1.715608980367807068e-01
2.500000000000000139e-02,1.715608980367654968e-01
7.500000000000001110e-02,1.715608980367408498e-01
1.250000000000000000e-01,1.715608980367185898e-01
1.749999999999999889e-01,1.715608980366979952e-01
2.249999999999999778e-01,1.715608980366794267e-01
2.749999999999999667e-01,1.715608980366623015e-01
3.249999999999999556e-01,1.715608980366481462e-01
3.749999999999999445e-01,1.715608980366357672e-01
4.249999999999999334e-01,1.715608980366277736e-01
4.749999999999999223e-01,1.715608980366219449e-01
5.249999999999999112e-01,1.715608980366188918e-01
5.749999999999999556e-01,1.715608980366175873e-01
6.250000000000000000e-01,1.715608980366166436e-01
6.750000000000000444e-01,1.715608980366161718e-01
7.250000000000000888e-01,1.715608980366161718e-01
7.750000000000001332e-01,1.715608980366161718e-01
8.250000000000001776e-01,1.715608980366161440e-01
8.750000000000002220e-01,1.715608980366161440e-01
9.250000000000002665e-01,1.715608980366161718e-01
9.750000000000003109e-01,1.715608980366161440e-01
1.025000000000000355e+00,1.715608980366161718e-01
1.075000000000000400e+00,1.715608980366161718e-01
1.125000000000000444e+00,1.715608980366161718e-01
1.175000000000000488e+00,1.715608980366161718e-01
1.225000000000000533e+00,1.715608980366161718e-01
1.275000000000000577e+00,1.715608980366161718e-01
1.325000000000000622e+00,1.715608980366161718e-01
1.375000000000000666e+00,1.715608980366161718e-01
1.425000000000000711e+00,1.715608980366161718e-01
1.475000000000000755e+00,1.715608980366161440e-01
