0.000000000000000000e+00,1.715608980367807068e-01
2.500000000000000139e-02,1.715608980367807068e-01
7.500000000000001110e-02,1.715608980367807068e-01
1.250000000000000000e-01,1.715608980367807068e-01
1.749999999999999889e-01,1.715608980367807068e-01
2.249999999999999778e-01,1.715608980367806791e-01
2.749999999999999667e-01,1.715608980367807068e-01
3.249999999999999556e-01,1.715608980367807068e-01
3.749999999999999445e-01,1.715608980367807068e-01
4.249999999999999334e-01,1.715608980367807068e-01
4.749999999999999223e-01,1.715608980367807068e-01
5.249999999999999112e-01,1.715608980367807068e-01
5.749999999999999556e-01,1.715608980367807068e-01
6.250000000000000000e-01,1.715608980367807068e-01
6.750000000000000444e-01,1.715608980367807068e-01
7.250000000000000888e-01,1.715608980367807068e-01
7.750000000000001332e-01,1.715608980367807068e-01
8.250000000000001776e-01,1.715608980367807068e-01
8.750000000000002220e-01,1.715608980367807068e-01
9.250000000000002665e-01,1.715608980367807068e-01
9.750000000000003109e-01,1.715608980367807068e-01
1.025000000000000355e+00,1.715608980367807068e-01
1.075000000000000400e+00,1.715608980367807068e-01
1.125000000000000444e+00,1.715608980367806791e-01
1.175000000000000488e+00,1.715608980367807068e-01
1.200000000000000400e+00,1.715608980367807068e-01
1.250000000000000444e+00,1.715608980367807068e-01
1.300000000000000488e+00,1.715608980367807068e-01
