2.500000000000000139e-02,2.500000000000000139e-02,0.000000000000000000e+00,1.000000000000000000e+01,1.000000000000000000e+01,1.000000000000000000e+01,0.000000000000000000e+00
7.500000000000001110e-02,5.000000000000000278e-02,0.000000000000000000e+00,9.000000000000000000e+00,1.900000000000000000e+01,9.000000000000000000e+00,0.000000000000000000e+00
1.250000000000000000e-01,5.000000000000000278e-02,0.000000000000000000e+00,7.000000000000000000e+00,2.600000000000000000e+01,7.000000000000000000e+00,0.000000000000000000e+00
1.749999999999999889e-01,5.000000000000000278e-02,0.000000000000000000e+00,6.000000000000000000e+00,3.200000000000000000e+01,6.000000000000000000e+00,0.000000000000000000e+00
2.249999999999999778e-01,5.000000000000000278e-02,0.000000000000000000e+00,6.000000000000000000e+00,3.800000000000000000e+01,6.000000000000000000e+00,0.000000000000000000e+00
2.749999999999999667e-01,5.000000000000000278e-02,0.000000000000000000e+00,6.000000000000000000e+00,4.400000000000000000e+01,6.000000000000000000e+00,0.000000000000000000e+00
3.249999999999999556e-01,5.000000000000000278e-02,0.000000000000000000e+00,6.000000000000000000e+00,5.000000000000000000e+01,6.000000000000000000e+00,0.000000000000000000e+00
3.749999999999999445e-01,5.000000000000000278e-02,0.000000000000000000e+00,5.000000000000000000e+00,5.500000000000000000e+01,5.000000000000000000e+00,0.000000000000000000e+00
4.249999999999999334e-01,5.000000000000000278e-02,0.000000000000000000e+00,6.000000000000000000e+00,6.100000000000000000e+01,6.000000000000000000e+00,0.000000000000000000e+00
4.749999999999999223e-01,5.000000000000000278e-02,0.000000000000000000e+00,6.000000000000000000e+00,6.700000000000000000e+01,6.000000000000000000e+00,0.000000000000000000e+00
5.249999999999999112e-01,5.000000000000000278e-02,0.000000000000000000e+00,5.000000000000000000e+00,7.200000000000000000e+01,5.000000000000000000e+00,0.000000000000000000e+00
5.749999999999999556e-01,5.000000000000000278e-02,0.000000000000000000e+00,5.000000000000000000e+00,7.700000000000000000e+01,5.000000000000000000e+00,0.000000000000000000e+00
6.250000000000000000e-01,5.000000000000000278e-02,0.000000000000000000e+00,4.000000000000000000e+00,8.100000000000000000e+01,4.000000000000000000e+00,0.000000000000000000e+00
6.750000000000000444e-01,5.000000000000000278e-02,0.000000000000000000e+00,4.000000000000000000e+00,8.500000000000000000e+01,4.000000000000000000e+00,0.000000000000000000e+00
7.250000000000000888e-01,5.000000000000000278e-02,0.000000000000000000e+00,5.000000000000000000e+00,9.000000000000000000e+01,5.000000000000000000e+00,0.000000000000000000e+00
7.750000000000001332e-01,5.000000000000000278e-02,0.000000000000000000e+00,4.000000000000000000e+00,9.400000000000000000e+01,4.000000000000000000e+00,0.000000000000000000e+00
8.250000000000001776e-01,5.000000000000000278e-02,0.000000000000000000e+00,4.000000000000000000e+00,9.800000000000000000e+01,4.000000000000000000e+00,0.000000000000000000e+00
8.750000000000002220e-01,5.000000000000000278e-02,0.000000000000000000e+00,4.000000000000000000e+00,1.020000000000000000e+02,4.000000000000000000e+00,0.000000000000000000e+00
9.250000000000002665e-01,5.000000000000000278e-02,0.000000000000000000e+00,4.000000000000000000e+00,1.060000000000000000e+02,4.000000000000000000e+00,0.000000000000000000e+00
9.750000000000003109e-01,5.000000000000000278e-02,0.000000000000000000e+00,4.000000000000000000e+00,1.100000000000000000e+02,4.000000000000000000e+00,0.000000000000000000e+00
1.025000000000000355e+00,5.000000000000000278e-02,0.000000000000000000e+00,4.000000000000000000e+00,1.140000000000000000e+02,4.000000000000000000e+00,0.000000000000000000e+00
1.075000000000000400e+00,5.000000000000000278e-02,0.000000000000000000e+00,4.000000000000000000e+00,1.180000000000000000e+02,4.000000000000000000e+00,0.000000000000000000e+00
1.125000000000000444e+00,5.000000000000000278e-02,0.000000000000000000e+00,4.000000000000000000e+00,1.220000000000000000e+02,4.000000000000000000e+00,0.000000000000000000e+00
1.175000000000000488e+00,5.000000000000000278e-02,0.000000000000000000e+00,4.000000000000000000e+00,1.260000000000000000e+02,4.000000000000000000e+00,0.000000000000000000e+00
1.225000000000000533e+00,5.000000000000000278e-02,0.000000000000000000e+00,4.000000000000000000e+00,1.300000000000000000e+02,4.000000000000000000e+00,0.000000000000000000e+00
1.275000000000000577e+00,5.000000000000000278e-02,0.000000000000000000e+00,4.000000000000000000e+00,1.340000000000000000e+02,4.000000000000000000e+00,0.000000000000000000e+00
1.325000000000000622e+00,5.000000000000000278e-02,0.000000000000000000e+00,4.000000000000000000e+00,1.380000000000000000e+02,4.000000000000000000e+00,0.000000000000000000e+00
1.375000000000000666e+00,5.000000000000000278e-02,0.000000000000000000e+00,4.000000000000000000e+00,1.420000000000000000e+02,4.000000000000000000e+00,0.000000000000000000e+00
1.425000000000000711e+00,5.000000000000000278e-02,0.000000000000000000e+00,4.000000000000000000e+00,1.460000000000000000e+02,4.000000000000000000e+00,0.000000000000000000e+00
1.475000000000000755e+00,5.000000000000000278e-02,0.000000000000000000e+00,4.000000000000000000e+00,1.500000000000000000e+02,4.000000000000000000e+00,0.000000000000000000e+00
