2.500000000000000139e-02,2.500000000000000139e-02,0.000000000000000000e+00,1.000000000000000000e+01,1.000000000000000000e+01,1.000000000000000000e+01,0.000000000000000000e+00
7.500000000000001110e-02,5.000000000000000278e-02,0.000000000000000000e+00,8.000000000000000000e+00,1.800000000000000000e+01,8.000000000000000000e+00,0.000000000000000000e+00
1.250000000000000000e-01,5.000000000000000278e-02,0.000000000000000000e+00,6.000000000000000000e+00,2.400000000000000000e+01,6.000000000000000000e+00,0.000000000000000000e+00
1.749999999999999889e-01,5.000000000000000278e-02,0.000000000000000000e+00,6.000000000000000000e+00,3.000000000000000000e+01,6.000000000000000000e+00,0.000000000000000000e+00
2.249999999999999778e-01,5.000000000000000278e-02,0.000000000000000000e+00,6.000000000000000000e+00,3.600000000000000000e+01,6.000000000000000000e+00,0.000000000000000000e+00
2.749999999999999667e-01,5.000000000000000278e-02,0.000000000000000000e+00,5.000000000000000000e+00,4.100000000000000000e+01,5.000000000000000000e+00,0.000000000000000000e+00
3.249999999999999556e-01,5.000000000000000278e-02,0.000000000000000000e+00,6.000000000000000000e+00,4.700000000000000000e+01,6.000000000000000000e+00,0.000000000000000000e+00
3.749999999999999445e-01,5.000000000000000278e-02,0.000000000000000000e+00,6.000000000000000000e+00,5.300000000000000000e+01,6.000000000000000000e+00,0.000000000000000000e+00
4.249999999999999334e-01,5.000000000000000278e-02,0.000000000000000000e+00,6.000000000000000000e+00,5.900000000000000000e+01,6.000000000000000000e+00,0.000000000000000000e+00
4.749999999999999223e-01,5.000000000000000278e-02,0.000000000000000000e+00,6.000000000000000000e+00,6.500000000000000000e+01,6.000000000000000000e+00,0.000000000000000000e+00
5.249999999999999112e-01,5.000000000000000278e-02,0.000000000000000000e+00,6.000000000000000000e+00,7.100000000000000000e+01,6.000000000000000000e+00,0.000000000000000000e+00
5.749999999999999556e-01,5.000000000000000278e-02,0.000000000000000000e+00,5.000000000000000000e+00,7.600000000000000000e+01,5.000000000000000000e+00,0.000000000000000000e+00
6.250000000000000000e-01,5.000000000000000278e-02,0.000000000000000000e+00,5.000000000000000000e+00,8.100000000000000000e+01,5.000000000000000000e+00,0.000000000000000000e+00
6.750000000000000444e-01,5.000000000000000278e-02,0.000000000000000000e+00,5.000000000000000000e+00,8.600000000000000000e+01,5.000000000000000000e+00,0.000000000000000000e+00
7.250000000000000888e-01,5.000000000000000278e-02,0.000000000000000000e+00,4.000000000000000000e+00,9.000000000000000000e+01,4.000000000000000000e+00,0.000000000000000000e+00
7.750000000000001332e-01,5.000000000000000278e-02,0.000000000000000000e+00,4.000000000000000000e+00,9.400000000000000000e+01,4.000000000000000000e+00,0.000000000000000000e+00
8.250000000000001776e-01,5.000000000000000278e-02,0.000000000000000000e+00,6.000000000000000000e+00,1.000000000000000000e+02,6.000000000000000000e+00,0.000000000000000000e+00
8.750000000000002220e-01,5.000000000000000278e-02,0.000000000000000000e+00,4.000000000000000000e+00,1.040000000000000000e+02,4.000000000000000000e+00,0.000000000000000000e+00
9.250000000000002665e-01,5.000000000000000278e-02,0.000000000000000000e+00,5.000000000000000000e+00,1.090000000000000000e+02,5.000000000000000000e+00,0.000000000000000000e+00
9.750000000000003109e-01,5.000000000000000278e-02,0.000000000000000000e+00,5.000000000000000000e+00,1.140000000000000000e+02,5.000000000000000000e+00,0.000000000000000000e+00
1.025000000000000355e+00,5.000000000000000278e-02,0.000000000000000000e+00,4.000000000000000000e+00,1.180000000000000000e+02,4.000000000000000000e+00,0.000000000000000000e+00
1.075000000000000400e+00,5.000000000000000278e-02,0.000000000000000000e+00,5.000000000000000000e+00,1.230000000000000000e+02,5.000000000000000000e+00,0.000000000000000000e+00
1.125000000000000444e+00,5.000000000000000278e-02,0.000000000000000000e+00,5.000000000000000000e+00,1.280000000000000000e+02,5.000000000000000000e+00,0.000000000000000000e+00
1.175000000000000488e+00,5.000000000000000278e-02,0.000000000000000000e+00,5.000000000000000000e+00,1.330000000000000000e+02,5.000000000000000000e+00,0.000000000000000000e+00
1.200000000000000400e+00,2.500000000000000139e-02,1.000000000000000000e+00,1.500000000000000000e+01,1.480000000000000000e+02,4.000000000000000000e+00,1.100000000000000000e+01
1.250000000000000444e+00,5.000000000000000278e-02,0.000000000000000000e+00,7.000000000000000000e+00,1.550000000000000000e+02,7.000000000000000000e+00,0.000000000000000000e+00
1.300000000000000488e+00,5.000000000000000278e-02,0.000000000000000000e+00,7.000000000000000000e+00,1.620000000000000000e+02,7.000000000000000000e+00,0.000000000000000000e+00
