0.000000000000000000e+00 6.506548161173440933e+09 9.743422881535432339e+08
0.000000000000000000e+00 5.245361762598412514e+09 2.175345223368366659e+08
0.000000000000000000e+00 5.846090806548658371e+09 2.797129835997697353e+09
0.000000000000000000e+00 6.848437217225642204e+09 1.054227026523157716e+09
0.000000000000000000e+00 4.836186230185982704e+09 4.135813357116800547e+08
0.000000000000000000e+00 6.782383426492850304e+09 5.328221767307370901e+08
0.000000000000000000e+00 5.675354308432527542e+09 3.504068001248732567e+09
0.000000000000000000e+00 6.521790605698289871e+09 8.676043810804531574e+08
0.000000000000000000e+00 7.048286494245453835e+09 2.474691408241877556e+09
0.000000000000000000e+00 6.634228899646326065e+09 2.237088220195090771e+09
0.000000000000000000e+00 6.599070790120303154e+09 2.050470079799645185e+09
0.000000000000000000e+00 8.203133432818218231e+09 1.420530459252650976e+09
0.000000000000000000e+00 7.882701691289421082e+09 1.354970635561797142e+09
0.000000000000000000e+00 5.467627552048837662e+09 2.702386243880214214e+09
0.000000000000000000e+00 6.557583265459940910e+09 2.155912490152469635e+09
0.000000000000000000e+00 5.781946176813047409e+09 6.981272230129935741e+08
0.000000000000000000e+00 7.333842333512282372e+09 1.355074109879823923e+08
0.000000000000000000e+00 7.026484837310204506e+09 1.073447486867434382e+09
0.000000000000000000e+00 5.342299225937067032e+09 9.184753134528419971e+08
0.000000000000000000e+00 6.634136341798242569e+09 2.347157391681781292e+09
0.000000000000000000e+00 5.442393524738565445e+09 8.537778250673046112e+08
0.000000000000000000e+00 5.116500447579349518e+09 1.004721593149804354e+09
0.000000000000000000e+00 5.213623459826202393e+09 6.943098659070714712e+08
0.000000000000000000e+00 6.414979005847372055e+09 2.841630758968391418e+09
0.000000000000000000e+00 7.055887516447799683e+09 8.196769122107675076e+08
0.000000000000000000e+00 5.179612108040945053e+09 6.949582762759335041e+08
0.000000000000000000e+00 5.863287174018085480e+09 1.296213465489623308e+09
0.000000000000000000e+00 5.200078783721278191e+09 2.154653465763389766e+08
0.000000000000000000e+00 6.760429761801583290e+09 6.164664570606449991e+07
0.000000000000000000e+00 5.061764051649197578e+09 2.068305582884503007e+08
0.000000000000000000e+00 8.171725509776494980e+09 1.625778912339260101e+09
0.000000000000000000e+00 5.334095826053020477e+09 1.310231153357884645e+09
0.000000000000000000e+00 7.202627433062952995e+09 9.234275245121650696e+08
0.000000000000000000e+00 5.445030943683146477e+09 8.613019442268547416e+07
0.000000000000000000e+00 5.790981557134205818e+09 1.432355912626412392e+09
0.000000000000000000e+00 5.235318590121060371e+09 1.814671944115365744e+09
0.000000000000000000e+00 5.312062103169919014e+09 1.594758677892755270e+09
0.000000000000000000e+00 7.721570065733693123e+09 1.343612937189598322e+09
0.000000000000000000e+00 5.602292620625208855e+09 1.128143788945524931e+09
0.000000000000000000e+00 5.034542725570372581e+09 1.230945037535443068e+09
0.000000000000000000e+00 4.907547890444984436e+09 8.812629238355383277e+07
0.000000000000000000e+00 7.214653210707479477e+09 4.150113166702574492e+08
0.000000000000000000e+00 5.493175410273968697e+09 1.232188152816328257e+08
0.000000000000000000e+00 5.592361541436115265e+09 4.127018673247716427e+08
0.000000000000000000e+00 5.986931694435170174e+09 1.428825134666301012e+09
0.000000000000000000e+00 5.373446239358932495e+09 2.269763478356167316e+09
0.000000000000000000e+00 5.137703213154119492e+09 1.260455853482705832e+09
0.000000000000000000e+00 5.541522186895724297e+09 1.069364062281295896e+09
0.000000000000000000e+00 6.704229185555706024e+09 4.717123688447263241e+08
0.000000000000000000e+00 5.109964716082692146e+09 9.543889187415902615e+08
0.000000000000000000e+00 5.249748027474827766e+09 8.847496466771799326e+08
0.000000000000000000e+00 5.726045675144599915e+09 1.742142178334733486e+09
0.000000000000000000e+00 7.224020945003480911e+09 2.460946583634601593e+09
0.000000000000000000e+00 7.140526061523003578e+09 1.143399215911063194e+09
0.000000000000000000e+00 7.519962279218440056e+09 2.207822077834497452e+09
0.000000000000000000e+00 4.918704425274612427e+09 2.836107911261266470e+08
0.000000000000000000e+00 7.254393512747031212e+09 8.355927073088171482e+08
0.000000000000000000e+00 6.373704802667107582e+09 1.314621466951172590e+09
0.000000000000000000e+00 7.366100644589610100e+09 3.844588578407350183e+07
0.000000000000000000e+00 7.102926299216663361e+09 2.277941830190717697e+09
0.000000000000000000e+00 4.924805849337026596e+09 6.920212550488163233e+08
0.000000000000000000e+00 5.095466060639908791e+09 8.385424427063126564e+08
0.000000000000000000e+00 7.185455762733631134e+09 2.371158018821173191e+09
0.000000000000000000e+00 7.240444604970534325e+09 5.402650425091481209e+08
0.000000000000000000e+00 7.128879928745381355e+09 2.277815662833385468e+09
0.000000000000000000e+00 6.794468071685646057e+09 2.633850430041723728e+09
0.000000000000000000e+00 5.685596336044995308e+09 1.381849419143378973e+09
0.000000000000000000e+00 7.096556392265968323e+09 1.439237401990800381e+09
0.000000000000000000e+00 7.339234209889431953e+09 1.508082668260596991e+09
0.000000000000000000e+00 5.529866864512389183e+09 2.786700216256709099e+09
0.000000000000000000e+00 5.628618209634802818e+09 2.677268425185556889e+09
0.000000000000000000e+00 6.089575820046401024e+09 1.058392329138131618e+09
0.000000000000000000e+00 5.451086386906220436e+09 2.485805707910771966e+08
0.000000000000000000e+00 5.150552158056519508e+09 1.499351915499312282e+08
0.000000000000000000e+00 6.742537593282989502e+09 1.076363410968923330e+09
0.000000000000000000e+00 5.578209904181394577e+09 3.263159193341476917e+08
0.000000000000000000e+00 7.778249460136100769e+09 2.028336527923456907e+09
0.000000000000000000e+00 6.780840511682742119e+09 2.014962806560328007e+09
0.000000000000000000e+00 6.820063172887148857e+09 3.351392600302475095e+08
0.000000000000000000e+00 5.330849000809142113e+09 1.097201252450896978e+09
0.000000000000000000e+00 6.109196484792383194e+09 1.474251560927819908e+08
0.000000000000000000e+00 7.170533142312131882e+09 8.928139370659089088e+08
0.000000000000000000e+00 6.534530062218370438e+09 1.404359389451024771e+09
0.000000000000000000e+00 6.313265606955370903e+09 2.518091734642009735e+09
0.000000000000000000e+00 5.388392214377329826e+09 2.312489216622465849e+08
0.000000000000000000e+00 6.485116336847591400e+09 7.343623164441249371e+08
0.000000000000000000e+00 5.703974196449093819e+09 1.911016580185852289e+09
0.000000000000000000e+00 7.021391971858644485e+09 1.064976578885304689e+09
0.000000000000000000e+00 7.021303294933172226e+09 1.690328913831461668e+09
0.000000000000000000e+00 5.105814478668760300e+09 1.202870800719310284e+09
0.000000000000000000e+00 7.193162103051373482e+09 9.099796196627135277e+08
0.000000000000000000e+00 6.596186393925909042e+09 1.448311745690058231e+09
0.000000000000000000e+00 5.497555790711351395e+09 1.276318810474912643e+09
0.000000000000000000e+00 6.953113284852365494e+09 5.149839745200115442e+08
0.000000000000000000e+00 7.331279877610209465e+09 1.380863246074777365e+09
0.000000000000000000e+00 6.167600580536647797e+09 2.622956871081984937e+08
0.000000000000000000e+00 5.360735328776941299e+09 5.784119871680881977e+08
0.000000000000000000e+00 6.915161892392840385e+09 1.666843887430881739e+09
0.000000000000000000e+00 7.800451459374225616e+09 1.577654254381214142e+09
0.000000000000000000e+00 5.642515837392684937e+09 4.993474035269061923e+08
