0.000000000000000000e+00 5.441483634256135941e+09 3.162096126334761381e+08
0.000000000000000000e+00 5.181299058471557617e+09 9.005846709505416155e+08
0.000000000000000000e+00 7.245250119478568077e+09 1.505587901474597454e+09
0.000000000000000000e+00 4.871142082890122414e+09 2.216890189350474179e+08
0.000000000000000000e+00 7.281082432533108711e+09 2.858690701425466537e+08
0.000000000000000000e+00 5.245354155625187874e+09 1.517631181552194357e+08
0.000000000000000000e+00 6.561877541456979752e+09 1.382513274876533508e+09
0.000000000000000000e+00 4.865040031948445320e+09 7.672987292184134722e+08
0.000000000000000000e+00 5.184917526392387390e+09 1.148651116322011471e+09
0.000000000000000000e+00 5.170508208037285805e+09 1.117898646651373148e+09
0.000000000000000000e+00 5.595268107238204002e+09 7.702139078744804859e+07
0.000000000000000000e+00 6.571952714652386665e+09 7.435929757035233080e+07
0.000000000000000000e+00 5.629805664321543694e+09 4.484733591344746351e+08
0.000000000000000000e+00 6.848863054784603119e+09 1.507738130103717327e+09
0.000000000000000000e+00 4.991115648927550316e+09 1.556200318012952209e+08
0.000000000000000000e+00 7.259359283141727448e+09 5.678969629219386727e+07
0.000000000000000000e+00 7.216071460157334328e+09 1.571028262606948018e+08
0.000000000000000000e+00 7.276877759456221581e+09 1.095411042905859798e+08
0.000000000000000000e+00 5.783499928001951218e+09 2.786268158746069074e+08
0.000000000000000000e+00 6.770087643955252647e+09 8.913100636546869278e+08
0.000000000000000000e+00 4.869865783265993118e+09 1.212731906917334050e+08
0.000000000000000000e+00 4.984287100162170410e+09 3.143407361206246614e+08
0.000000000000000000e+00 5.123686572893301964e+09 2.189811422122806609e+08
0.000000000000000000e+00 5.790934492985987663e+09 9.454818719928364754e+08
0.000000000000000000e+00 5.323220249312191963e+09 1.427238267942757010e+08
0.000000000000000000e+00 7.323603992164316177e+09 5.011986046311653256e+08
0.000000000000000000e+00 7.200720411479381561e+09 1.039528160141164184e+09
0.000000000000000000e+00 6.133548772539570808e+09 1.297441978220130354e+08
0.000000000000000000e+00 7.268837136989337921e+09 1.411777480888414383e+09
0.000000000000000000e+00 5.965183999892915726e+09 9.575884166449700296e+07
0.000000000000000000e+00 7.010717311577009201e+09 5.607167473716709018e+07
0.000000000000000000e+00 6.679825296250441551e+09 1.407615509591406107e+09
0.000000000000000000e+00 5.271765523228796959e+09 7.623764804530947208e+08
0.000000000000000000e+00 5.422924196473248482e+09 8.133482543848723173e+08
0.000000000000000000e+00 5.638236521812622070e+09 8.955667316161499023e+08
0.000000000000000000e+00 5.914062292142600060e+09 5.966557258579965830e+08
0.000000000000000000e+00 5.768303253693704605e+09 1.486574614623653412e+09
0.000000000000000000e+00 5.822463261347989082e+09 8.091446647242773771e+08
0.000000000000000000e+00 5.058090514910302162e+09 6.708248468477149010e+08
0.000000000000000000e+00 5.923513106103360176e+09 1.381374865344916105e+09
0.000000000000000000e+00 7.284675119093284607e+09 1.217521332620226860e+09
0.000000000000000000e+00 5.965804549009255409e+09 9.568262033974344730e+08
0.000000000000000000e+00 7.334930777471340179e+09 1.777314699515720844e+09
0.000000000000000000e+00 4.939395402246311188e+09 6.660514506149765253e+08
0.000000000000000000e+00 5.271963209802483559e+09 2.337156881726064086e+08
0.000000000000000000e+00 4.954028071484328270e+09 8.740599534970171452e+08
0.000000000000000000e+00 4.872033253775058746e+09 9.433247341756205261e+07
0.000000000000000000e+00 6.831195924293622971e+09 6.040153576542295516e+07
0.000000000000000000e+00 4.962351646467014313e+09 1.157574925842881680e+09
0.000000000000000000e+00 6.513333961643301010e+09 6.434690607723826170e+07
0.000000000000000000e+00 5.460370667116049767e+09 9.553358788184635639e+08
0.000000000000000000e+00 5.495523843155067444e+09 1.047167670389990807e+09
0.000000000000000000e+00 7.019612035839218140e+09 1.071421258042822123e+09
0.000000000000000000e+00 5.011573436869406700e+09 1.185757385534916639e+09
0.000000000000000000e+00 5.730142516490938187e+09 1.281151958788550854e+09
0.000000000000000000e+00 5.064354673828581810e+09 6.759333817807465792e+08
0.000000000000000000e+00 7.226561410189362526e+09 1.329492371553079844e+09
0.000000000000000000e+00 5.448093087665777206e+09 6.466085108785043955e+08
0.000000000000000000e+00 5.141944197099535942e+09 8.732884444762032032e+08
0.000000000000000000e+00 5.653153333744437218e+09 8.078168053774933815e+08
0.000000000000000000e+00 5.730004039305097580e+09 1.016798833586344868e+08
0.000000000000000000e+00 4.900312719448260307e+09 7.943562748286237717e+08
0.000000000000000000e+00 4.864171928826449394e+09 4.062268633847177625e+08
0.000000000000000000e+00 6.210412657758446693e+09 1.426388449832894087e+09
0.000000000000000000e+00 5.047139694807339668e+09 7.910389937160379887e+08
0.000000000000000000e+00 5.227014457752646446e+09 9.392789807758979797e+08
0.000000000000000000e+00 5.918838758299412727e+09 1.008651190552553385e+08
0.000000000000000000e+00 6.993314092098974228e+09 1.480825416543190956e+09
0.000000000000000000e+00 5.944486529582726479e+09 4.620747451022210121e+08
0.000000000000000000e+00 4.875357540269941330e+09 9.959738916620047092e+08
0.000000000000000000e+00 7.081430970124249458e+09 6.657970218474388868e+07
0.000000000000000000e+00 5.083160263540742874e+09 1.118297920021284819e+09
0.000000000000000000e+00 6.133397022624567032e+09 5.635242965244141817e+08
0.000000000000000000e+00 6.142022460498443604e+09 7.705539920994317532e+08
0.000000000000000000e+00 5.800282673554406166e+09 2.297190731865229607e+08
0.000000000000000000e+00 5.524618016268720627e+09 1.218532089665475845e+09
0.000000000000000000e+00 4.856526939154647827e+09 9.019883984393313527e+07
0.000000000000000000e+00 4.800565498258646011e+09 1.141448490964382410e+09
0.000000000000000000e+00 5.559398349209446907e+09 1.856406664881179035e+08
0.000000000000000000e+00 6.030611404733081818e+09 4.614003648699991107e+08
0.000000000000000000e+00 5.033752098290858269e+09 1.085067675306216717e+09
0.000000000000000000e+00 5.025931566789313316e+09 6.371701081153475046e+08
0.000000000000000000e+00 5.017430397114418030e+09 1.121470315149317741e+09
0.000000000000000000e+00 6.800940145162242889e+09 1.903071825981602967e+08
0.000000000000000000e+00 4.948069909634414673e+09 1.026125128612786531e+09
0.000000000000000000e+00 6.417927594612632751e+09 1.052062824196685672e+09
0.000000000000000000e+00 6.727955458013781548e+09 4.037679189799349308e+08
0.000000000000000000e+00 7.269006580897956848e+09 2.075883604681021869e+08
0.000000000000000000e+00 5.279680540475656509e+09 1.017662975408360004e+09
0.000000000000000000e+00 4.921498142743575096e+09 7.112430105627266169e+08
0.000000000000000000e+00 7.022828076769739151e+09 1.253547901130363494e+08
0.000000000000000000e+00 6.274489882743554115e+09 1.225355906792551279e+09
0.000000000000000000e+00 6.840233993797706604e+09 8.507839610511002541e+08
0.000000000000000000e+00 5.094602366840139389e+09 5.367520562994051576e+08
0.000000000000000000e+00 6.973219500538146973e+09 5.574975434396342039e+08
0.000000000000000000e+00 5.592784758001671791e+09 7.686833427542193234e+07
0.000000000000000000e+00 5.402689903258648872e+09 1.050963763781773925e+09
0.000000000000000000e+00 5.647137776994538307e+09 4.504863587644149065e+08
0.000000000000000000e+00 6.467175542215320587e+09 6.713648051674503088e+08
0.000000000000000000e+00 6.394248324136213303e+09 1.692975277521342337e+08
